PHASE27_WHEEL_AWARE_MODEL_GOLDEN_V1 6
equilibrium
0 0 0
-0.077378152000000006 8.0999999999999997e-07 0.31543998403249462 0 0 0 0 0 0 0 0 0 -0.0095736494956501217 -0.012740695843911437 0 0
0 0 27.675229491866027 0.11327183296816838 0 0 0 0 28.714612508133982 0.11327183296816838 0 0
0 0 0 0 0 0 -9.8688867661400458e-20 2.6941816322362534e-17 7.7740161678022571e-20 -5.4520126771547236e-16 -1.9046201059424135e-18 -3.2047408269349654e-17 0 0 -0 -0
-0.077378152000000006 8.1000000000000537e-07 0.31543998403249462 -1.0904025354309449e-19 -3.8092402118848275e-22 -6.4094816538699308e-21 -1.9986897842137362e-21 5.4596755902896904e-19 1.5548032335604514e-21 -1.0904025354309448e-17 -3.8092402118848269e-20 -6.4094816538699312e-19 -0.0095736494956501217 -0.012740695843911437 0 0
0 0 0 0 0 0 1 0 0 0 0 0 0 0 0 0 0 0 0 0 0 0 0 1 0 0 0 0 0 0 0 0 0 0 0 0 0 0 0 0 1 0 0 0 0 0 0 0 0 0 0 0 0 0 0 0 0 1 0 0 0 0 0 0 0 0 0 0 0 0 0 0 0 0 1 0 0 0 0 0 0 0 0 0 0 0 0 0 0 0 0 1 0 0 0 0 0 0 0 -5.6070902460924068e-16 9.8100000000352559 5.8465198218727057e-16 0 0 0 0 0 0 -18.392587002429856 -19.083347039710418 0 0 0 0 0 -9.8099999999982117 -8.5753421573698611e-14 -1.5307871966232661e-13 0 0 0 0 0 0 0.042752621755102908 0.04435825790587905 0 0 0 0 0 4.6877391600888447e-16 -8.2417831197137309e-12 -4.5310225392210223e-16 0 0 0 0 0 0 4.1089441661830532 4.2632614694009963 0 0 0 0 0 -3.0977789306235554e-12 1.3851449979783423e-12 3.0977383065424379e-12 0 0 0 0 0 0 -0.69058424030021626 -0.71652012389897957 0 0 0 0 0 -1.078668065338455e-14 7.3675464656638289e-10 1.1292199679913722e-14 0 0 0 0 0 0 -367.31095412493949 -381.10584487801208 0 0 0 0 0 -1.8321763321745618e-13 -1.4648338041593397e-12 1.8208552063352145e-13 0 0 0 0 0 0 0.73057102860791423 0.75800867350749435 0 0 0 0 0 0 0 0 0 0 0 0 0 0 0 0 1 0 0 0 0 0 0 0 0 0 0 0 0 0 0 0 0 1 0 0 0 0 0 0 0 0 0 0 0 0 0 0 0 0 0 0 0 0 0 0 0 0 0 0 0 0 0 0 0 0
0 0 0 0 0 0 0 0 0 0 0 0 0 0 0 0 0 0 0 0 0 0 0 0 0 0 0 0 0 0 0 0 0 0 0 0 0 0 0 0 0 0 0 0 0 0 0 0 0 0 0 0 0 0 0 0 0 0 0 0 0 0 0 0 0 0 0 0 0 0 0 0 0.030598360287349816 0.00027866354852943413 -0.00079742540888957513 0.0012929604296367256 0.66458661195187496 -0.0002189101373961279 0.030589445485924828 0.0002791933568775187 0.00075836019571597275 0.0012929604296367256 0.66458661195187496 -0.0002189101373961279 -0.020497771131740714 0.097954984877972773 -0.074897277023122003 -0.3529749933586509 -0.0015447973708391446 0.098169450993896901 0.021184782426530914 0.097688710097026857 0.074971012691841962 -0.3529749933586509 -0.0015447973708391446 0.098169450993896901 0.031985918762012108 -0.00021938353946312643 0.17399082018612624 -0.0010185034566219703 -0.14847010275075803 0.0002518369413387252 0.032074075248950354 -0.00022005233262402746 0.17395306504166533 -0.0010185034566219703 -0.14847010275075803 0.0002518369413387252 -0.09447840977481084 1.5420890424557447 1.5156500200471161 7.1428893860902676 0.024953153162621863 0.41986529728009669 0.083799550681385546 1.5398561168873242 -1.5171417850844908 7.1428893860902676 0.024953153162621863 0.41986529728009669 -2.8584935828619034 0.0053422356199276056 -0.016109256158963397 0.02495315316539222 13.272191807626337 -0.026398011580134158 -2.868023960533602 0.0054226841094957992 0.01532928161558714 0.02495315316539222 13.272191807626337 -0.026398011580134158 -2.2553060420686699 0.10778941572859517 0.089136174155552694 0.41986529733878469 -0.026398011580893253 10.655271858859447 2.2689190512751471 0.073990585439200396 -0.089222234796609859 0.41986529733878469 -0.026398011580893253 10.655271858859447 0 0 0 0 0 0 0 0 0 0 0 0 0 0 0 0 0 0 0 0 0 0 0 0 -2.1248252542538903 0 0 0 -39.017155027668544 0 -0.17396750287046378 0 0 0 0 0 -0.17396750287046378 0 0 0 0 0 -2.1248252542538903 0 0 0 -39.017155027668544 0
1.0000000000010001 0 0 0 0.0019620000069053845 0 0.020000000003350671 0 0 0 1.3079995420106627e-05 0 -0.0037025395388523563 -0.0038415937306246484 -2.4523452712976734e-05 -2.5444465978630149e-05 0 1 0 -0.0019619999999996836 0 -5.2939559203393771e-17 0 0.020000000000000021 0 -1.3080000000013773e-05 0 0 8.5956885603324508e-06 8.9185119972745179e-06 5.7003495699982224e-08 5.9144343839717564e-08 0 0 0.99999999997324451 0 0 0 0 0 0.019999999989472883 0 0 0 0.00082178883142880466 0.000852652309868418 5.47861755961776e-06 5.6843418860808015e-06 0 0 0 0.99999999999999956 2.7703235087503021e-16 6.1954746976398686e-16 0 0 0 0.019999999999999796 1.8468877546722663e-16 -6.224978576315582e-20 -0.00013811684806024974 -0.00014330402477968172 -9.2077898723871723e-07 -9.5536016507674374e-07 0 0 0 -1.4392113346628809e-18 1.0000000000001474 2.3132698362039156e-18 0 0 0 -7.2595605965866342e-19 0.020000000000098234 1.5052036146880444e-21 -0.073462190824987908 -0.076221168975651551 -0.00048974793892461038 -0.00050814112643918176 0 0 0 -2.4466559246440497e-17 -2.9302114244093549e-16 1.0000000000000002 0 0 0 -1.2256108090853132e-17 -1.9538479956060764e-16 0.02 0.00014611420572157072 0.0001516017347016087 9.740947049922599e-07 1.0106782312143722e-06 0 0 0 -5.7485245653556163e-18 0.19620000000071477 1.1840741615558973e-17 1 0 0 -7.5348270797906228e-18 0.0019620000004967018 1.875485481919828e-18 -0.37265616732830437 -0.38665180524570353 -0.00370253953733047 -0.0038415937295839808 0 0 0 -0.19619999999996579 -1.7331868370744828e-15 -3.1020928102960683e-15 0 1 0 -0.0019619999999979294 -1.1524796560592996e-15 -5.1092948460396766e-16 0.00086408527696614263 0.00089653724133881112 8.5956885618782284e-06 8.9185119963652958e-06 0 0 0 4.9570630888895193e-18 -1.6483566239023565e-13 -9.0620450784420785e-18 0 0 1 5.945135531544059e-18 -1.0988769394217965e-13 -1.4728180688339789e-18 0.0821788833236059 0.085265229388129554 0.00082178883333496359 0.00085265229374393724 0 0 0 -3.0977937489469357e-14 2.7702898801885826e-14 6.1954766130848387e-14 0 0 0 0.9999999999999587 1.8468490620620549e-14 1.0309104121793341e-14 -0.013811684806026042 -0.014330402477987702 -0.00013811684808689883 -0.00014330402476722009 0 0 0 -1.0753701671408786e-16 1.4735092931400445e-11 2.2584399359827169e-16 0 0 0 -1.4526976732929813e-16 1.0000000000098233 3.63983031812495e-17 -7.3462190824938807 -7.6221168975700673 -0.073462190833779875 -0.076221168963421446 0 0 0 -1.8359559476595955e-15 -2.9296705462634501e-14 3.6417104126705274e-15 0 0 0 -2.452774074199166e-15 -1.9538285504907545e-14 1.0000000000000007 0.014611420572146689 0.015160173470170027 0.00014611420573846284 0.00015160173467666422 0 0 0 0 0 0 0 0 0 0 0 0 0.99999999999926537 0 0.019999999999881224 0 0 0 0 0 0 0 0 0 0 0 0 0 0 0.99999999999926537 0 0.019999999999881224 0 0 0 0 0 0 0 0 0 0 0 0 0 0 1 0 0 0 0 0 0 0 0 0 0 0 0 0 0 0 0 1
6.2154031921224373e-06 5.608014053137822e-08 -1.6053872335194185e-07 2.6022239918432888e-07 0.00013856950309421023 -4.5505266221823604e-08 6.2219812635433414e-06 5.6191162833840735e-08 1.5267464143027297e-07 2.6022239918432888e-07 0.00013874917881295801 -4.5505266221823604e-08 -4.094032396655835e-06 1.9490144352227445e-05 -1.5078578915935293e-05 -7.106214363758504e-05 -3.2171198148450367e-07 1.9606431008291101e-05 4.2307980539471199e-06 1.9437035429368583e-05 1.5093423611113482e-05 -7.106214363758504e-05 -3.2212963056090519e-07 1.9606431008291101e-05 6.3340444000914431e-06 -4.3853809472693683e-08 3.4798164829209087e-05 -2.0372592501871623e-07 -3.0762836722431075e-05 5.0348614166750849e-08 6.3496430335874265e-06 -4.4020342926387457e-08 3.4790613815738598e-05 -2.0372592501871623e-07 -3.0802971284771274e-05 5.0348614166750849e-08 -1.8885068474406077e-05 0.00030841780849073591 0.00030313000400941241 0.0014285778772179394 5.1702615147882084e-06 8.3973059455927002e-05 1.6770860931058927e-05 0.00030797122337725835 -0.00030342835701689094 0.0014285778772179394 5.1770078107953918e-06 8.3973059455927002e-05 -0.00056605357240851345 1.0684471239840784e-06 -3.2218512335674685e-06 4.9906306821946976e-06 0.0027499812177102724 -5.2796023651438095e-06 -0.00056778023556334882 1.0845368218984383e-06 3.0658563231174532e-06 4.9906306821946976e-06 0.0027535694670194804 -5.2796023651438095e-06 -0.0004510724364447187 2.1557883145694755e-05 1.7827234831113631e-05 8.3973059467647106e-05 -5.4696343365563348e-06 0.0021310543717719872 0.00045377222537790624 1.479811708782794e-05 -1.7844446959321551e-05 8.3973059467647106e-05 -5.4767712622572727e-06 0.0021310543717719872 0.00063111266410408159 5.6431474124879916e-06 -1.6159217261681267e-05 2.618559608208055e-05 0.014422167731857349 -4.7234887393925825e-06 0.00063260647598987227 5.6547958456969714e-06 1.5367710922134001e-05 2.618559608208055e-05 0.014458103053912506 -4.7234887393925825e-06 -0.00040885105669820674 0.0019389291728866857 -0.0015177702427245699 -0.0071529288603426307 -3.3446448887581665e-05 0.0019578971817900245 0.00042246396225764193 0.0019336328839331814 0.0015192644683857167 -0.0071529288603426307 -3.3529978693979697e-05 0.0019578971817900245 0.0006270884321253903 -4.3876707892551663e-06 0.0034798164037255028 -2.0370069187381437e-05 -0.0031831611369233055 5.0367388267759749e-06 0.0006284501605763232 -4.4010466524761317e-06 0.0034790613008323498 -2.0370069187381437e-05 -0.0031911891664712384 5.0367388267759749e-06 -0.0018874454993860902 0.030841780849063263 0.0303130004009407 0.14285778772179397 0.00053498923973509065 0.0083973059455916075 0.0016781811726346114 0.030797122337715505 -0.030342835701689289 0.14285778772179397 0.00053633849892729274 0.0083973059455916075 -0.05604084281955294 0.00010684471239837176 -0.00032218512344548632 0.00049906306821946979 0.28455240739443949 -0.00052796023160271927 -0.056195567897085873 0.00010845368218980776 0.00030658563239727019 0.00049906306821946979 0.28527005725136945 -0.00052796023160271927 -0.045108366447580733 0.0021557883145688688 0.0017827234831115178 0.0083973059467647108 -0.00056596663570195732 0.21310543717718836 0.045376064050070969 0.0014798117087821872 -0.0017844446959323465 0.0083973059467647108 -0.00056739402083237547 0.21310543717718836 -0.00042496505099631765 0 0 0 -0.0078034310055374867 0 -3.4793501413332706e-05 0 0 0 0 0 -3.4793501413332706e-05 0 0 0 0 0 -0.00042496505099631765 0 0 0 -0.0078034310055374867 0 -0.04249650508507781 0 0 0 -0.78034310055337097 0 -0.0034793500574092757 0 0 0 0 0 -0.0034793500574092757 0 0 0 0 0 -0.04249650508507781 0 0 0 -0.78034310055337097 0
common_mode
0 0 0
-0.077378152000000006 8.0999999999999997e-07 0.31543998403249462 0.029999999999999999 -0.025000000000000001 0.02 0.17999999999999999 -0.040000000000000001 0.029999999999999999 0.12 -0.089999999999999997 0.070000000000000007 0.01542635050434988 0.012259304156088564 0.080000000000000002 0.080000000000000002
2 -0.29999999999999999 28.475229491866028 0.16327183296816838 -0.12 0.029999999999999999 2 -0.29999999999999999 29.514612508133983 0.16327183296816838 -0.12 0.029999999999999999
0.17999999999999999 -0.040000000000000001 0.029999999999999999 0.11997387496390459 -0.090150666688056547 0.069850854194072443 -1.2568781301709322 -0.42213318635036562 0.62057594353701506 0.42123946649736127 -33.887154307570661 -0.48311603956698168 0.080000000000000002 0.080000000000000002 0.084473089071515295 0.084473089071515295
-0.07403747959335237 -0.00088578280876606215 0.31616319251573144 0.032417407687561593 -0.033664551697877271 0.021393153248472102 0.15353894773759535 -0.048768779336717624 0.042217587111213942 0.12917711619133712 -0.78010330766940328 0.058536668947646593 0.017043245122164184 0.013876198773902868 0.081689461781430314 0.081689461781430314
0 0 0 0 0 0 1.0000000000010001 0 0 0 0 0 0 0 0 0 0 0 0 0 0 0 0 1.0000000000010001 0 0 0 0 0 0 0 0 0 0 0 0 0 0 0 0 1.0000000000010001 0 0 0 0 0 0 0 0 0 0 0.00030417530300086426 -0.034724990237433584 -0.045225007960780772 0 0 0 0.99991458059334182 0.009937497991163724 0.012550001607380956 0 0 0 0 0 0 0 0.035200005750468666 0.00041668058586852297 -0.059845828827287395 0 0 0 -0.010062502005248053 0.99989166318925626 0.014958331996661745 0 0 0 0 0 0 0 0.044849996043427875 0.060141670497892985 0.00048751620795872697 0 0 0 -0.012449998393337935 -0.015041668001425368 0.99987291259096001 0 0 0 0 0 0 0 0.10854173693175539 10.434722914065553 0.26445693479537624 0 0 0 0.00068505912054206419 0.0016663068702627015 0.0013768309825579195 -19.019178758350463 -19.713427949707985 0 0 0 0 0 -10.444688557792459 0.086317977349148478 -1.1278201388353892 0 0 0 -0.0010238311309862524 0.0056708905904478968 -0.004940148345955464 -0.4845841796718986 -0.50119796943248751 0 0 0 0 0 -0.4088393312784433 1.2618596421654082 -0.013850755709032825 0 0 0 -0.010806680716957118 0.0089768076860785584 0.0019486384728040207 3.7462246514352593 3.8830014031376869 0 0 0 0 0 0.4230900273460847 0.024223750311191949 33.886561726897966 0 0 0 -0.0037531555363568003 -0.0036267271963374981 0.013070749149690641 6.9219802012743248 7.1763616772413386 0 0 0 0 0 0.48242090144867689 -0.0022861925685901952 0.42056295868064808 0 0 0 -0.057061104286049158 -0.0012893757173060294 -0.065101119162136456 -377.61765581834084 -391.40491988476356 0 0 0 0 0 -33.8796251340423 -0.073005883338694844 0.42292132274024397 0 0 0 -0.065660567094560918 0.077693935340850118 0.0050425292275058098 -13.703706516043912 -14.087211547358924 0 0 0 0 0 0 0 0 0 0 0 0 0 0 0 0 1.0000000000010001 0 0 0 0 0 0 0 0 0 0 0 0 0 0 0 0 1.0000000000010001 0 0 0 0 0 0 0 0 0 0 0 0 0 0 0 0 0 0 0 0 0 0 0 0 0 0 0 0 0 0 0 0
0 0 0 0 0 0 0 0 0 0 0 0 0 0 0 0 0 0 0 0 0 0 0 0 0 0 0 0 0 0 0 0 0 0 0 0 0 0 0 0 0 0 0 0 0 0 0 0 0 0 0 0 0 0 0 0 0 0 0 0 0 0 0 0 0 0 0 0 0 0 0 0 0.030210393409113578 -0.0017668748686361369 -0.020266245016458947 0.0085070261945929815 0.66794355924049142 -0.0022245831843292763 0.029350294084018458 -0.0017609054214773323 -0.021762920196363656 0.0085070261945929815 0.66794355924049142 -0.0022245831843292763 -0.020851416315803561 0.10035576911149313 -0.080525393847449764 -0.35268943038291312 0.015984280565817244 0.098093740713567357 0.020801207159526491 0.10008969797414835 0.06927716122744354 -0.35268943038291312 0.015984280565817244 0.098093740741322932 0.032125813204109122 0.0027801961288709265 0.17490038322946841 -0.011482648609728585 -0.13159417616703806 0.0031657085841629851 0.033453333520006012 0.0027716222095186538 0.17935915100434169 -0.011482648609728585 -0.13159417616703806 0.0031657085841629851 0.01948137728913224 1.5424556849830129 1.5191191119183312 7.1283536578758966 -0.24474276752450841 0.15708756762045084 0.086149811770463991 1.5410568267315572 -1.5083549623100283 7.1283536578758966 -0.24474276755226398 0.15708756764820642 -2.7902881871710861 0.023823812256296151 -0.32068064871883961 0.15237387174238393 13.264854100469847 -0.34036266782777602 -2.9331288864398175 0.024882485405441912 -0.34336818756311965 0.15237387174238393 13.264854100469847 -0.34036266782777602 -2.3409889770009684 0.41329309630189215 0.11769849637165977 0.60094478990246891 0.36897373303923509 10.656982633666656 2.1840125047078995 0.37946595127236193 -0.13629410444537107 0.60094478990246891 0.36897373315025739 10.656982633971968 0 0 0 0 0 0 0 0 0 0 0 0 0 0 0 0 0 0 0 0 0 0 0 0 -2.1248252542183099 0 0 0 -39.017155027742945 0 -0.17396750290332719 0 0 0 0 0 -0.17396750290332719 0 0 0 0 0 -2.1248252542183099 0 0 0 -39.017155027742945 0
1.0000000000010001 0 0 2.279658406489915e-05 0.0020861071620137395 5.3280567458013905e-05 0.019999999996411777 0 0 1.5105278139415645e-07 1.5122160468283852e-05 9.0304846933619842e-07 -0.003835575600186214 -0.003975583771909097 -2.5392389579881325e-05 -2.6319273149777445e-05 0 0.99999999999997014 0 -0.002088500077577788 1.7660480228828129e-05 -0.00023221596433947722 0 0.020000000000043854 0 -1.4745572330440021e-05 1.1032826670483165e-06 -5.2930984248411583e-06 -0.00010194161752805422 -0.00010545275606508794 -6.8096982046295107e-07 -7.0441330719817064e-07 0 0 0.99999999997324451 -8.3414608553766811e-05 0.00026038096678782097 -3.5723646263363662e-06 0 0 0.020000000017228459 -2.8154700792981657e-06 8.1441242638646827e-06 4.4067527404934026e-07 0.00071719219452148764 0.00074337783151356973 4.8174797484534793e-06 4.9933668311297197e-06 0 0 0 1.0000169479336407 -0.00065982179789370043 0.0025267203399015337 0 0 0 0.019994643666448875 0.00019841675524823188 0.00028255320305703435 0.00061557647174081964 0.00063867758651192652 4.1666635419712605e-06 4.3227955937030771e-06 0 0 0 0.00068579328327267319 1.0000070214503942 -0.0011990945909812201 0 0 0 -0.00021300865238327304 0.019997967209278711 0.00028619339537128141 -0.075569387993773551 -0.078328188355542006 -0.00050379463448213535 -0.00052218660992475741 0 0 0 -0.0025320481024382335 0.0012208825304893534 1.0000213677072156 0 0 0 -0.00031685128826230979 -0.00028577902717874526 0.02000116244502137 -0.0016932672694536244 -0.0017317270291361542 -1.1323809945285035e-05 -1.1581499648194438e-05 0 0 0 0.0023333799475944161 0.20851101915908554 0.005349895582096309 1.0000000000010001 0 0 1.5871068348438655e-05 0.002248968067330992 0.00012225180590075269 -0.38665513271696206 -0.40076899980590053 -0.0038392003881559944 -0.0039793409678523517 0 0 0 -0.2087726756645758 0.0017821031941811505 -0.023685727254529887 0 1.0000000000010001 0 -0.0021991792033271285 0.00010852687845619435 -0.00075364107315900597 -0.010436321154494443 -0.010796737455465166 -0.00010393852792334179 -0.00010752416318426938 0 0 0 -0.0084231138001988892 0.026569249779451187 -0.00040027247835694446 0 0 1.0000000000010001 -0.00031557991983510725 0.0011408508963917097 4.6205338166682708e-05 0.068818021059513512 0.07133069119050206 0.00069692230458828774 0.00072236815487625172 0 0 0 0.0093064566608624943 -0.00017237759830646127 0.69014011185031254 0 0 0 0.99959011035100076 -0.00021827138707575244 0.0081158676584758283 0.1442169775822677 0.149515259562083 0.001463583462757434 0.0015172828549125938 0 0 0 0.011469393768059888 -5.2611970335902924e-05 0.0091226932674715044 0 0 0 -0.0009363439468224044 0.99997252056560626 -0.0011782825271033914 -7.5517118114931669 -7.8274379475828937 -0.075516299380407048 -0.078273535986106424 0 0 0 -0.68991676810056801 -0.0012057828208122956 0.0096892483827937248 0 0 0 -0.01304439764537868 0.0013539595902778423 1.0004714122990865 -0.28892658750570566 -0.29713839120801278 -0.0028983045408104147 -0.0029807533455383783 0 0 0 0 0 0 0 0 0 0 0 0 0.99999999999926537 0 0.019999999999881224 0 0 0 0 0 0 0 0 0 0 0 0 0 0 0.99999999999926537 0 0.019999999999881224 0 0 0 0 0 0 0 0 0 0 0 0 0 0 1.0000000000010001 0 0 0 0 0 0 0 0 0 0 0 0 0 0 0 0 1.0000000000010001
6.0880155083875565e-06 -3.5791508645743875e-07 -4.2017911033898738e-06 1.7602100332858583e-06 0.00013965436446161661 -4.2540276856684045e-07 5.9334585855719268e-06 -3.5679098564500578e-07 -4.5225652320628301e-06 1.7602100332858583e-06 0.00013983509489223778 -4.2540276856684045e-07 -4.0904494689412291e-06 1.9944900548837796e-05 -1.6261720295236802e-05 -7.1109577373575789e-05 3.5085774346618748e-06 1.9164922958076619e-05 4.0476280096721218e-06 1.9893195868803809e-05 1.3942104832658509e-05 -7.1109577373575789e-05 3.5130608816956455e-06 1.9164922958076619e-05 6.1818189456275263e-06 5.4720117326212403e-07 3.4925037429203063e-05 -2.467276383200101e-06 -2.6146501630464059e-05 6.5616956312908314e-07 6.455516676773243e-06 5.4542481642272378e-07 3.58928503227765e-05 -2.467276383200101e-06 -2.6181307122286057e-05 6.5616956312908314e-07 -7.4920625259267126e-06 0.00030954052515630437 0.00030343980565847875 0.0014271555430489524 -2.3002332677490855e-05 5.7694082150616666e-05 1.7000576293946246e-05 0.00030917734691882082 -0.00030260082766974848 0.0014271555430489524 -2.3031496848568977e-05 5.7694082150616666e-05 -0.00055885336809613495 2.7590221773898804e-06 -6.8325434631837865e-05 1.7601180929416316e-05 0.0027525527308835951 -3.8276066344211657e-05 -0.00057459036313656231 2.8780172689479855e-06 -6.7392708351174898e-05 1.7601180929416316e-05 0.002756140798226836 -3.8276066344211657e-05 -0.00046027072431176208 7.9361900731655943e-05 2.0116265542762179e-05 9.9535171771414355e-05 3.9113861455275512e-05 0.0021320430108884292 0.00044500175246098284 7.2597036021582184e-05 -2.2029179762111574e-05 9.9535171771414355e-05 3.9160567150142711e-05 0.0021320430108884292 0.00061422876507233326 -3.5846187129706664e-05 -0.00043097428227719222 0.00017982183797560225 0.014571179818290148 -4.1134914918750098e-05 0.00060029060888755481 -3.5738648151983909e-05 -0.0004643210570149267 0.00017982183797560225 0.014607393961085791 -4.1134914918750098e-05 -0.00040047829115430478 0.0019815821795943211 -0.0016399840270005317 -0.0071675663911030529 0.0003736533964182609 0.0018741822434276134 0.00039538969320851436 0.0019765528692927692 0.001404462865361543 -0.0071675663911030529 0.00037458051591054975 0.0018741822434276134 0.00059614599715041017 5.4051724901471587e-05 0.0034882118088183302 -0.00025615155829772362 -0.0025981240388273097 6.5988832453900415e-05 0.00062352936529286307 5.3875130051617148e-05 0.0035893175431209903 -0.00025615155829772362 -0.0026047202970891359 6.5988832453900415e-05 0.00041510608145278738 0.030841641740497749 0.03038314076927735 0.14252561339467285 -0.0054817217431946119 0.0031208202966315213 0.001738857960398299 0.030813736118240342 -0.030149378767293192 0.14252561339467285 -0.0054957988021575588 0.0031208202966315213 -0.054558676410021434 0.00046136350295711281 -0.0066257726142254017 0.0030524966998513037 0.28492142445379898 -0.0071965752801439464 -0.057544939091602743 0.00048376930239513172 -0.0070817129362844471 0.0030524966998513037 0.2856386180916104 -0.0071965752801439464 -0.046896034141055698 0.0083485036245223299 0.0022450702098044204 0.011601172630187895 0.0086554325963439371 0.21317901139836226 0.043621847032118688 0.0076718888915305872 -0.0026557659569639404 0.011601172630187895 0.0086769111271034483 0.21317901140183171 -0.00042496505099631765 0 0 0 -0.0078034310055374867 0 -3.4793500545970968e-05 0 0 0 0 0 -3.4793500545970968e-05 0 0 0 0 0 -0.00042496505056263678 0 0 0 -0.0078034310055374867 0 -0.042496505085753977 0 0 0 -0.78034310056068756 0 -0.0034793500580665437 0 0 0 0 0 -0.0034793500580665437 0 0 0 0 0 -0.042496505085753977 0 0 0 -0.78034310056068756 0
differential_mode
0 0 0
-0.077378152000000006 8.0999999999999997e-07 0.31543998403249462 -0.040000000000000001 0.029999999999999999 -0.025000000000000001 -0.12 0.059999999999999998 -0.02 -0.16 0.11 -0.089999999999999997 -0.021573649495650122 -0.00074069584391143681 -0.070000000000000007 0.070000000000000007
1.7 0.40000000000000002 27.075229491866025 0.073271832968168388 0.089999999999999997 -0.02 -1.7 -0.40000000000000002 29.314612508133983 0.15327183296816838 -0.089999999999999997 0.02
-0.12 0.059999999999999998 -0.02 -0.16002316657117346 0.10980122923069054 -0.090201458409293847 0.28263524663007639 0.40646135061888905 -0.010258897480593016 -2.3736542950964212 -0.58959387248782713 -7.8118084495035127 -0.070000000000000007 0.070000000000000007 -6.8280021298419937 6.8280021298419937
-0.079720342899240043 0.0012842309333552671 0.31503784534768009 -0.043650952022989659 0.032097507930086297 -0.028376535510242197 -0.11415948010991356 0.068455676123534398 -0.020217707438112006 -0.20767522443757189 0.097122353164086406 -0.24633522258053975 -0.024339249921618521 0.0020249045820569622 -0.20656004259683988 0.20656004259683988
0 0 0 0 0 0 1.0000000000010001 0 0 0 0 0 0 0 0 0 0 0 0 0 0 0 0 1.0000000000010001 0 0 0 0 0 0 0 0 0 0 0 0 0 0 0 0 1.0000000000010001 0 0 0 0 0 0 0 0 0 0 0.00046252164598303835 0.045433357742652447 0.054633312707164094 0 0 0 0.99987291005132484 -0.012600005205865017 -0.014916662322006502 0 0 0 0 0 0 0 -0.044666650940439201 0.00072087209812554676 0.08023334446827235 0 0 0 0.012399994794853875 0.99981457367392945 -0.020062503255924291 0 0 0 0 0 0 0 -0.055266678608556496 -0.079779156621218039 0.00080837665727973018 0 0 0 0.01508333767608061 0.019937496743838157 0.99979165581881579 0 0 0 0 0 0 0 -0.11795023674432414 9.8045254681156102 -0.21207333425476982 0 0 0 -0.0002207213578575562 -0.0030463769840061161 -0.0015260972208164247 -17.855682625994575 -19.334338685672581 0 0 0 0 0 -9.8014137843993598 -0.12698001250477375 0.13291697492645582 0 0 0 0.0022151684653248793 -0.0077357255601206987 0.0062995984262403937 0.7006183625757334 0.67686086835383463 0 0 0 0 0 0.41124421241468812 -0.27580899134710402 0.00034285065932115888 0 0 0 0.01370442915312603 -0.011035504216168335 -0.0029322173066351209 4.5422086885774444 4.9209785997223614 0 0 0 0 0 0.092074631696803522 -7.8176569668908513 0.43502577207199522 0 0 0 0.01138735195027607 -0.0027688853432294991 -0.013058778502994528 -9.1192817530671988 -10.49311507750339 0 0 0 0 0 7.8361428937911981 0.13783472441186717 -2.2457454209034999 0 0 0 0.084236154274108799 -0.0033976315094719212 0.083012944129823296 -358.74842264205233 -388.7410220355103 0 0 0 0 0 -0.60895431497343111 2.3733162537453723 0.028855938527527769 0 0 0 0.068796341956556262 -0.10780481707328704 -0.0079897204408041489 19.487156527109306 12.242716312726998 0 0 0 0 0 0 0 0 0 0 0 0 0 0 0 0 1.0000000000010001 0 0 0 0 0 0 0 0 0 0 0 0 0 0 0 0 1.0000000000010001 0 0 0 0 0 0 0 0 0 0 0 0 0 0 0 0 0 0 0 0 0 0 0 0 0 0 0 0 0 0 0 0
0 0 0 0 0 0 0 0 0 0 0 0 0 0 0 0 0 0 0 0 0 0 0 0 0 0 0 0 0 0 0 0 0 0 0 0 0 0 0 0 0 0 0 0 0 0 0 0 0 0 0 0 0 0 0 0 0 0 0 0 0 0 0 0 0 0 0 0 0 0 0 0 0.031050219846265166 0.0026344089687491135 0.010594827354230202 -0.0073471231876176546 0.65951632410854444 0.0021830056651239715 0.032060517296539359 0.0026808164299563231 -2.5257156848645453e-05 -0.0073471231876176546 0.65951632410854444 0.0021830056651239715 -0.019991109307164877 0.096653309605843063 -0.068195926400091811 -0.35265583078758489 -0.024427790235037605 0.098075840920808233 0.021648803974973128 0.098741111093092471 0.082050642346939817 -0.35265583078758489 -0.024427790235037605 0.098075840920808233 0.031870937531764662 -0.0041357654878906858 0.17480550329408107 0.013188625436547086 -0.16781723361641854 -0.0037035604296895008 0.030277185945280539 -0.0042145892496445181 0.17270174159751095 0.013188625436547086 -0.16781723361641854 -0.0037035604296895008 -0.2328681715431625 1.5354050340032899 1.5209926304346761 7.1508521646279632 0.34780017332813884 0.74371940361750433 0.082959064977049995 1.5499947065844566 -1.5225049031831286 7.1508521646279632 0.34780017332813884 0.74371940361750433 -2.9422166781681143 -0.03447053942284839 0.10772711859954907 -0.14121000319056165 13.255746392992762 0.3848825659291677 -2.7771194038197242 -0.026434442912393052 -0.10847146441769492 -0.14121000319056165 13.255746392992762 0.3848825659291677 -2.1343501381962557 -0.065596306164650287 0.038234409595318805 0.20772906328403451 -0.56268774217826945 10.630641983588873 2.3793492985019533 0.15584509860389062 -0.038244903516373926 0.20772906328403451 -0.56268774217826945 10.630641983588873 0 0 0 0 0 0 0 0 0 0 0 0 0 0 0 0 0 0 0 0 0 0 0 0 -2.1248252543081074 0 0 0 -39.017155027742945 0 -0.17396750288700039 0 0 0 0 0 -0.17396750288700039 0 0 0 0 0 -2.1248252543081074 0 0 0 -39.017155027742945 0
1.0000000000010001 0 0 -2.471616661336995e-05 0.0019608594331588236 -4.2490420903984472e-05 0.020000000003350671 0 0 -2.2475077354755513e-07 1.2456410902750292e-05 -7.4368289304516111e-07 -0.0035923957072969692 -0.003889883790075821 -2.3792558201396474e-05 -2.5762933453243875e-05 0 1.0000000000000244 0 -0.0019601594227966479 -2.6626596327100627e-05 2.6299895421189046e-05 0 0.019999999999989644 0 -1.2638642628119701e-05 -2.1950704058235071e-06 1.636300036439442e-06 0.00015100087217938263 0.00014710312503697642 1.0058997905459943e-06 9.798168136218588e-07 0 0 0.99999999997324451 8.4425438862112401e-05 -5.6351007193811142e-05 9.8837604767254561e-08 0 0 0.019999999989472883 3.3977820557140603e-06 -2.5233426459436714e-06 -6.3085647816762958e-07 0.00091625562692598805 0.00099270483500113471 6.1038951670866481e-06 6.6131822240578231e-06 0 0 0 1.0000117046972401 0.00012068249524710417 0.0011329435861684445 0 0 0 0.019999631280936958 -0.00025615274484858119 -0.00030100548442657526 -0.0010031329170101522 -0.001183254310505033 -6.8438067712950357e-06 -8.0598409890608735e-06 0 0 0 -0.00010686867710218984 1.0000171541749148 0.001389993377343135 0 0 0 0.00027693925971905564 0.019996056602189505 -0.00038599948237738602 -0.071834859213804059 -0.077808442754817575 -0.000478896165778675 -0.00051872162815103096 0 0 0 -0.0011480880517111824 -0.001373775688692791 1.0000140317524553 0 0 0 0.00031488218282804681 0.00037742435912702099 0.019994925297070476 0.0025324759928002649 0.00096800048705880659 1.6947663758482001e-05 6.523210790976286e-06 0 0 0 -0.0025277685777869152 0.19608443581342616 -0.0042599073851734559 1.0000000000010001 0 0 -3.0932201244837643e-05 0.0018988767780392379 -9.676408285752558e-05 -0.36147367089151006 -0.39140776129931165 -0.0035915779308948181 -0.0038890208345354615 0 0 0 -0.19601020558729365 -0.002724119686769999 0.0026112839321412729 0 1.0000000000010001 0 -0.0019180375343541556 -0.0002520384942417131 0.00018249481092968978 0.015845959676352717 0.015516987278418881 0.00015729378910478431 0.00015391990459967531 0 0 0 0.0085584816768291549 -0.0056898767312324461 1.1691602547214686e-05 0 0 1.0000000000010001 0.00037381109319056804 -0.00026838014449692693 -6.5321900666326371e-05 0.092030622367636483 0.099711645926148229 0.00091839451668573879 0.00099504233672109699 0 0 0 0.0019403560425068633 -0.15648620591002249 0.0095672883781983131 0 0 0 1.0002622898019897 -0.0014415150045854475 -0.00012955925221547204 -0.18912529357872909 -0.21734029981290703 -0.001947136327173915 -0.0022346080680302194 0 0 0 0.15687362446559217 0.0030671115716640607 -0.04483049158982011 0 0 0 0.0042812081102461264 0.99988485095098278 0.0011823884857320444 -7.1736422665447108 -7.7738219771000816 -0.071733700271470191 -0.077735850825821906 0 0 0 -0.013294037676248038 0.047631174754370065 0.00058333005092947587 0 0 0 0.0011374949593356831 -0.001870086432931295 0.9998507634473297 0.40993449930415427 0.26675303820000718 0.0041220623026028136 0.0026921708889959817 0 0 0 0 0 0 0 0 0 0 0 0 1.0000000000010001 0 0.019999999999881224 0 0 0 0 0 0 0 0 0 0 0 0 0 0 1.0000000000001328 0 0.019999999999881224 0 0 0 0 0 0 0 0 0 0 0 0 0 0 1.0000000000010001 0 0 0 0 0 0 0 0 0 0 0 0 0 0 0 0 1.0000000000010001
6.3147159070369951e-06 5.3754917184178908e-07 2.2270533996194766e-06 -1.5524248553333564e-06 0.00013733139625493607 4.3483966427615428e-07 6.5353523246697629e-06 5.4744403454876078e-07 -6.1135031596555198e-08 -1.5524248553333564e-06 0.00013771592199951499 4.3483966427615428e-07 -3.9658054847626051e-06 1.9219485161356409e-05 -1.3701098020846758e-05 -7.0969375992255279e-05 -5.4787071147172073e-06 1.9670261730206362e-05 4.3857868215414683e-06 1.966554111394736e-05 1.6549915041795513e-05 -7.0969375992255279e-05 -5.4733553843736016e-06 1.9670261730206362e-05 6.3550308806186961e-06 -8.1445961086501484e-07 3.498335585161185e-05 2.8785307470968746e-06 -3.5038888457350481e-05 -7.994438444569596e-07 6.0063555436496548e-06 -8.3258400174202052e-07 3.4513293577566343e-05 2.8785307470968746e-06 -3.5137837084420198e-05 -7.994438444569596e-07 -3.3036888176110451e-05 0.00030726527919244795 0.0003038385739187282 0.0014298534196932611 4.0044825094787129e-05 0.00011661804508178442 1.6495581453067427e-05 0.00030967601746811901 -0.0003041391650495086 0.0014298534196932611 4.0275744545015257e-05 0.00011661804508178442 -0.00057531450396148046 -2.6734066349565211e-06 2.719874339827551e-05 -1.0408836986774972e-05 0.0027471592813077539 3.8587695538883082e-05 -0.00055820627123882784 -1.8154089342914403e-06 -2.7351483785979901e-05 -1.0408836986774972e-05 0.002754926148318404 3.8587695538883082e-05 -0.00043862292372533771 -1.0070583256194254e-05 1.2613080233555993e-05 6.2679689563638341e-05 -6.524783317807259e-05 0.002129360333891217 0.00046559787377677706 3.7239098957253525e-05 -1.2622534180831972e-05 6.2679689563638341e-05 -6.3202857877864282e-05 0.002129360333891217 0.00064094606256435418 5.4281835970559911e-05 0.00022965804657063159 -0.00016145807607559348 0.014279512454418164 4.4084534633892503e-05 0.00066519614571504979 5.5329248127566899e-05 -1.0506197297110692e-05 -0.00016145807607559348 0.014356383706837228 4.4084534633892503e-05 -0.00039416526415363552 0.0019111293103613036 -0.0013781997446013989 -0.0071421647762637264 -0.0005972628364103727 0.0019680927651477553 0.00044145985070135279 0.0019575778498204244 0.0016672275698665286 -0.0071421647762637264 -0.00059639772287400916 0.0019680927651477553 0.00063115108319427812 -8.0565342591709665e-05 0.0034994006520746731 0.00030161076761126004 -0.0036388073700044377 -8.3067405384773529e-05 0.00059445540912136453 -8.2524801228722744e-05 0.0034500097966729502 0.00030161076761126004 -0.0036587134051579984 -8.3067405384773529e-05 -0.0047267954338207664 0.030692739363957777 0.030435502934622709 0.14303762950473864 0.0077294804584626675 0.015091538949074668 0.0016857878410208159 0.031024150401459671 -0.03046576740291105 0.14303762950473864 0.0078055685109879036 0.015091538949074668 -0.057840593360643483 -0.00068281492265898081 0.0024816050787148745 -0.0027238561128850591 0.28373193378811168 0.0082227018388669748 -0.054237651404423333 -0.00049195894580300603 -0.0024965105242696719 -0.0027238561128850591 0.28529323799902917 0.0082227018388669748 -0.042578261325195779 -0.0015703580102943704 0.0007298165474503459 0.0040927355393627352 -0.013077853341925127 0.21256803989233575 0.047695184811428794 0.0033486468181687101 -0.00072996995197058224 0.0040927355393627352 -0.012706377700011373 0.21256803990621354 -0.00042496505089427514 0 0 0 -0.0078034310055374867 0 -3.4793500801077363e-05 0 0 0 0 0 -3.4793500801077363e-05 0 0 0 0 0 -0.00042496505089427514 0 0 0 -0.0078034310055374867 0 -0.042496505089427511 0 0 0 -0.78034310055374867 0 -0.0034793500596992251 0 0 0 0 0 -0.0034793500596992251 0 0 0 0 0 -0.042496505089427511 0 0 0 -0.78034310055374867 0
left_only
0 0 0
-0.077378152000000006 8.0999999999999997e-07 0.31543998403249462 0.080000000000000002 -0.059999999999999998 0.050000000000000003 0.089999999999999997 0.050000000000000003 -0.040000000000000001 0.23000000000000001 -0.17999999999999999 0.14000000000000001 0.025426350504349882 -0.030740695843911436 0.11 -0.040000000000000001
2.3999999999999999 -0.69999999999999996 28.775229491866028 0.19327183296816838 -0.14000000000000001 0.059999999999999998 0 0 28.714612508133982 0.11327183296816838 0 0
0.089999999999999997 0.050000000000000003 -0.040000000000000001 0.2297017503646919 -0.18014349864543019 0.1403050010419768 -0.92212747507630799 -1.068433553597272 0.26823523296498886 2.0164917160211084 -14.750309125062532 -6.1020924777981023 0.11 -0.040000000000000001 0.36282109366425846 -0.41752200688911306
-0.075767721665948307 0.00078356312608970403 0.31469265191722334 0.08489016742394255 -0.066643271321364619 0.051685157668000054 0.070731338420227732 0.028095431538109367 -0.034797098547273413 0.27122346437427297 -0.47980228676343684 0.0162282725699361 0.027698914723082734 -0.031624200245289259 0.11725642187328517 -0.048350440137782266
0 0 0 0 0 0 1.0000000000010001 0 0 0 0 0 0 0 0 0 0 0 0 0 0 0 0 1.0000000000010001 0 0 0 0 0 0 0 0 0 0 0 0 0 0 0 0 1.0000000000010001 0 0 0 0 0 0 0 0 0 0 0.0014836471218249159 -0.068899774274822079 -0.090983535344646427 0 0 0 0.99949156073808609 0.024599916645384745 0.030333402789572972 0 0 0 0 0 0 0 0.071250277830503528 0.0021170947633875059 -0.11419982243188187 0 0 0 -0.025400083356053038 0.99925817877155598 0.039749947902678606 0 0 0 0 0 0 0 0.089091490726445066 0.11565012546232989 0.0024338487752961768 0 0 0 -0.029666597206601253 -0.040250052096846289 0.99916649301534655 0 0 0 0 0 0 0 0.27719262929437605 10.10577826382475 0.65797352760688099 0 0 0 0.0020464372973982847 0.0022945111366468041 0.0029056437256258505 -19.311200319060973 -19.274268548086226 0 0 0 0 0 -10.096546098181669 0.22124045684357441 -0.6275086993356993 0 0 0 -0.00097146324318231336 0.010875468969828717 -0.009463493211292473 -1.2799501343252473 -1.2090063833403164 0 0 0 0 0 -1.0418560861813475 0.95197897673204857 -0.0065120458747625065 0 0 0 -0.02123204448367666 0.017783967021234304 0.0035015446375741277 3.0656189412558987 3.0646983132653904 0 0 0 0 0 0.30778668613784532 -5.5043518292219318 14.975571583031311 0 0 0 -9.9531272113040359e-05 -0.014351381638633143 0.02875630089604897 19.349293566506276 19.171111780069694 0 0 0 0 0 6.1340468224813094 -0.091212305264321003 1.8556538519121091 0 0 0 -0.10228309044180151 -0.0071535115608867272 -0.1272060838886091 -379.6974536962594 -379.5073735410881 0 0 0 0 0 -14.762497621223503 -1.6127756681250105 0.50488508263057952 0 0 0 -0.14118840852006542 0.14284431237854278 0.0072530434991335824 -36.64373325973358 -29.144036768347092 0 0 0 0 0 0 0 0 0 0 0 0 0 0 0 0 1.0000000000010001 0 0 0 0 0 0 0 0 0 0 0 0 0 0 0 0 1.0000000000010001 0 0 0 0 0 0 0 0 0 0 0 0 0 0 0 0 0 0 0 0 0 0 0 0 0 0 0 0 0 0 0 0
0 0 0 0 0 0 0 0 0 0 0 0 0 0 0 0 0 0 0 0 0 0 0 0 0 0 0 0 0 0 0 0 0 0 0 0 0 0 0 0 0 0 0 0 0 0 0 0 0 0 0 0 0 0 0 0 0 0 0 0 0 0 0 0 0 0 0 0 0 0 0 0 0.029725776400553926 -0.0050197125900375283 -0.030441701248198266 0.019806231432717425 0.67123554403636376 -0.0053664329646707642 0.027532064073021445 -0.0047208002507126423 -0.0011501091975395364 0.019806231432717425 0.67123554403636376 -0.0053664329646707642 -0.021554752704933122 0.10097019398358498 -0.090226855071074794 -0.35126163977494684 0.04210422077655096 0.097702171464320031 0.019934913275676536 0.095526967447412403 0.061283706874266375 -0.35126163977494684 0.04210422077655096 0.097702171464320031 0.032113674994690054 0.0077497075146037986 0.17094088971502841 -0.028583712757823676 -0.10672957237445324 0.0079271383068846291 0.035466042991316726 0.0073080778928424905 0.17708284931563334 -0.028583712757823676 -0.10672957237445324 0.0079271383068846291 0.18582050620441493 1.5239870982952652 1.5300830669216778 7.0955207609468829 -0.66764306061450895 -0.19673039708401063 0.10220435875396561 1.5341396573109733 -1.5201745864331642 7.0955207609468829 -0.66764306061450895 -0.19673039708401063 -2.6668458341649881 0.039245246163943648 -0.41387465991630817 0.32996959209441457 13.216524285653009 -0.87295097728201654 -3.0358296418953046 0.088234600070791203 0.18835338273718211 0.32996959209441457 13.21652428476483 -0.87295097728201654 -2.473807008314862 0.57499183281350952 0.14568342424241598 0.86167482482579771 1.014954903677534 10.625961408106122 2.0381045415795995 -0.021945990802407778 -0.16317668766280716 0.86167482482579771 1.014954903677534 10.625961408106122 0 0 0 0 0 0 0 0 0 0 0 0 0 0 0 0 0 0 0 0 0 0 0 0 -2.1248252542414399 0 0 0 -39.017155027687437 0 -0.17396750290332719 0 0 0 0 0 -0.17396750288019755 0 0 0 0 0 -2.1248252543015766 0 0 0 -39.017155027687437 0
1.0000000000010001 0 0 5.7654811480567503e-05 0.0020205308121079568 0.00013197260645414488 0.020000000003350671 0 0 2.7992885787142541e-07 1.4212950261160984e-05 2.2157692347590796e-06 -0.0038914142325152667 -0.0038839254659639444 -2.5769525402452587e-05 -2.5720148233432383e-05 0 0.99999999999997014 0 -0.0020188807614606244 4.5473857643828219e-05 -0.00012815748278143663 0 0.020000000000043854 0 -1.3824785879881091e-05 1.7451532840356831e-06 -4.3534380744433832e-06 -0.00026386919645821072 -0.00024989291538823899 -1.7596322619481408e-06 -1.6658976715461238e-06 0 0 0.99999999997324451 -0.00021133095273739855 0.00019587198529791294 -1.8614276786621531e-06 0 0 0.020000000017228459 -6.0902116683081431e-06 6.8722527668541034e-06 7.8517747859052633e-07 0.0005860325003048672 0.00058594185059490655 3.9299119514168979e-06 3.9293290843289697e-06 0 0 0 1.0000397728388011 -0.0018972546103612764 -0.00028208815838759449 0 0 0 0.019987823132727733 0.00048784459805162328 0.00062468721168107422 0.0018108405955286067 0.0018211888386243658 1.2134210303216264e-05 1.2195619514265843e-05 0 0 0 0.0019602253709116724 1.0000332536300172 -0.002157529530033564 0 0 0 -0.000521184720381207 0.019986052146592215 0.00076887991112828402 -0.07626711359676186 -0.076171123422619225 -0.0005084418441825278 -0.00050780387533810867 0 0 0 0.00025766256836479151 0.0022031202973060715 1.0000620195710352 0 0 0 -0.00064581223355175688 -0.00077599615275203426 0.019987182728331554 -0.0045243341260936543 -0.003025679699841799 -3.0235286496704816e-05 -2.024427847580057e-05 0 0 0 0.0058759701895838568 0.20200707080697544 0.013218750698207327 1.0000000000010001 0 0 2.2112985054167922e-05 0.0021080122231120768 0.0003039276261218582 -0.39196678128933238 -0.39120864443742409 -0.0038932100390742796 -0.003885720863128217 0 0 0 -0.20185419552162798 0.0046050057118246501 -0.01300352484197298 0 1.0000000000010001 0 -0.002062869614710694 0.00015311120600547401 -0.00056267247632024731 -0.026693793333740223 -0.02531330971396184 -0.00026586066854961121 -0.00025192759163517042 0 0 0 -0.021281077223350708 0.019915593320318781 -0.00021699082114468027 0 0 1.0000000000010001 -0.00070311811234402555 0.00085762755577811767 8.2359119524255675e-05 0.056608879108605015 0.056605395100384204 0.00057295886785047045 0.00057291385524571581 0 0 0 0.0067485976529280123 -0.11081843398486058 0.30460675337629084 0 0 0 0.99987345572594144 -0.0014237135637085174 0.0040146530544404868 0.39912651894624673 0.39537571072667532 0.0040063448669691581 0.0039661876283236808 0 0 0 0.12445844047026533 -0.0020880580597903986 0.037591769003197939 0 0 0 -2.1346535650224041e-05 0.99988967799946593 -0.0023517440217446506 -7.5904727394049409 -7.5872323157533117 -0.075901663842969924 -0.075869935417527401 0 0 0 -0.30004092757551781 -0.03224523856260042 0.011238723951478846 0 0 0 -0.0079601150601571469 0.00254988626741115 1.0002364865813185 -0.76218429000823873 -0.61215343162557279 -0.0076432675119586513 -0.0061430964065634086 0 0 0 0 0 0 0 0 0 0 0 0 1.0000000000010001 0 0.019999999999881224 0 0 0 0 0 0 0 0 0 0 0 0 0 0 1.0000000000010001 0 0.019999999999881224 0 0 0 0 0 0 0 0 0 0 0 0 0 0 1.0000000000010001 0 0 0 0 0 0 0 0 0 0 0 0 0 0 0 0 1.0000000000010001
6.0053293356639638e-06 -1.0095049796099431e-06 -6.2593561434177274e-06 4.0680930846193064e-06 0.00014028498501739151 -1.0146605777805462e-06 5.5911247853757118e-06 -9.5194685467703266e-07 -2.516874570065223e-07 4.0680930846193064e-06 0.0001402753885271224 -1.0146605777805462e-06 -4.2604764298401678e-06 2.0080376814460288e-05 -1.8227513919906472e-05 -7.0763451088390328e-05 9.0415205162251711e-06 1.9212504634089078e-05 3.8973303750911015e-06 1.8990374539822746e-05 1.2316374513511219e-05 -7.0763451088390328e-05 9.0230588300523051e-06 1.9212504634089078e-05 6.224176266981611e-06 1.5268619701913622e-06 3.4083759258057615e-05 -6.0806637502963667e-06 -2.1185803111833934e-05 1.6375512057464903e-06 6.9168837324440346e-06 1.4339363030302366e-06 3.5498404560679361e-05 -6.0806637502963667e-06 -2.118563657838024e-05 1.6375512057464903e-06 9.2483486147099114e-06 0.00030828831154572356 0.00030476980439968633 0.0014251007318666353 -6.5729879872300501e-05 2.0275420231641306e-05 1.7848569844325368e-05 0.00030695009034520382 -0.00030395561711707246 0.0014251007318666353 -6.5744007460288856e-05 2.0275420231641306e-05 -0.00054695299793923924 4.4118042552554471e-06 -9.1360291138726089e-05 3.6473234155121048e-05 0.0027518976958296193 -9.2583177235816549e-05 -0.00058593480067870019 9.7026345291517657e-06 4.4868927153893148e-05 3.6473234155121048e-05 0.0027517695760925776 -9.2583177235816549e-05 -0.00047477229757573552 0.0001068431385031765 2.281209684649601e-05 0.00012605710225654931 0.00011107309516589225 0.0021318102491618696 0.00043031022495254589 -1.5097506578243269e-05 -2.4685019007726133e-05 0.00012605710225654931 0.00010912442477417628 0.0021318102491618696 0.00060773301032805249 -0.00010073759881823463 -0.00063718698242895132 0.00041276725787353641 0.014630093865541927 -9.6729339815748716e-05 0.00056828799305241873 -9.5198411653729664e-05 -2.622892367871996e-05 0.00041276725787353641 0.014628164818342171 -9.6729339815748716e-05 -0.00042033084767430695 0.0019965425770984702 -0.0018372558724539607 -0.0071272771712260763 0.00095009505644838566 0.0018957811934866564 0.00038454733147785802 0.0018879915963943006 0.0012398611948523407 -0.0071272771712260763 0.00094645539149007529 0.0018957811934866564 0.00060680582665099503 0.00015077887549619362 0.0034014225092905757 -0.00062999055278067928 -0.0021206025026254682 0.00016572977018514123 0.0006769259944250372 0.00014129179076727283 0.0035550970797366206 -0.00062999055278067928 -0.0021205911436561475 0.00016572977018514123 0.0037941548282812341 0.030456831529024342 0.030623257421745743 0.14186719149433813 -0.014808348686168316 -0.0041659487248768556 0.0020241053277914034 0.030679947055078927 -0.03040835913213619 0.14186719149433813 -0.014797281205902735 -0.0041659487248768556 -0.051983598513734762 0.0007488641096120574 -0.0085574198287855906 0.006662494111964179 0.28397179119288296 -0.018251913008748843 -0.059700356047631686 0.0018016576286417063 0.0038647219944235472 0.006662494111964179 0.28396367079963625 -0.018251913008748843 -0.049572941177369878 0.011711344963249992 0.0028266938213349587 0.017112860253853945 0.023311008567894476 0.21248370452031651 0.040630825703935614 -0.00055513908053805849 -0.003208821140891199 0.017112860253853945 0.022920814905791342 0.21248370452031651 -0.0004249650508517574 0 0 0 -0.0078034310055374867 0 -3.4793501413332706e-05 0 0 0 0 0 -3.4793500545970968e-05 0 0 0 0 0 -0.00042496504926159417 0 0 0 -0.0078034310055374867 0 -0.042496505085175738 0 0 0 -0.78034310055374867 0 -0.0034793500580665437 0 0 0 0 0 -0.0034793500574883027 0 0 0 0 0 -0.042496505085753977 0 0 0 -0.78034310055721812 0
right_only
0 0 0
-0.077378152000000006 8.0999999999999997e-07 0.31543998403249462 -0.070000000000000007 0.055 -0.044999999999999998 -0.080000000000000002 -0.050000000000000003 0.035000000000000003 -0.20999999999999999 0.17000000000000001 -0.13 -0.026573649495650123 0.021259304156088565 -0.029999999999999999 0.10000000000000001
0 0 27.675229491866027 0.11327183296816838 0 0 -2.2000000000000002 0.59999999999999998 27.714612508133982 0.043271832968168375 0.13 -0.050000000000000003
-0.080000000000000002 -0.050000000000000003 0.035000000000000003 -0.21025029171504617 0.16982108268366555 -0.12982933405211472 0.24666205849256126 0.63147357735724396 -0.21627276232733919 1.5120525661642548 1.2955477425107413 -5.4128543692098967 -0.029999999999999999 0.10000000000000001 0.38272850631502037 -0.39761459423835005
-0.078928122355136951 -0.00087032382718774158 0.31609700371776767 -0.073880171437469028 0.058664637252146587 -0.04865922637063471 -0.074958662809449378 -0.036990038927283191 0.030715721322055481 -0.18010702190248204 0.19046986194912807 -0.23783015872445168 -0.027097103794387119 0.023179781237240897 -0.022345429873699592 0.09204770811523301
0 0 0 0 0 0 1.0000000000010001 0 0 0 0 0 0 0 0 0 0 0 0 0 0 0 0 1.0000000000010001 0 0 0 0 0 0 0 0 0 0 0 0 0 0 0 0 1.0000000000010001 0 0 0 0 0 0 0 0 0 0 0.001266877450167847 0.065933487614078246 0.084183198301168716 0 0 0 0.99957909686920754 -0.022820886555474651 -0.027237456456941089 0 0 0 0 0 0 0 -0.06397898820453829 0.0017127768647817732 0.10567928521165726 0 0 0 0.022179113448594912 0.99942282094644952 -0.035206284207389693 0 0 0 0 0 0 0 -0.085729277496393586 -0.1044457493548645 0.0020045056031703368 0 0 0 0.027762543541864915 0.034793715783520973 0.9993394737839445 0 0 0 0 0 0 0 -0.20383755175434892 9.6053653795002969 -0.30019981768492077 0 0 0 -0.00013589895875298907 -0.0053431179064533652 -0.0015165692313079404 -18.112262198111129 -18.135626299459197 0 0 0 0 0 -9.5924723187978955 -0.2197684857985216 -0.024015152089162939 0 0 0 0.0038900057064417126 -0.011004142874693201 0.0098771169576572504 1.1863443922233152 1.2467470290600247 0 0 0 0 0 0.63947956828458441 -0.22942985083984624 0.008697645770272544 0 0 0 0.017220039200127601 -0.017028237167537874 -0.0039769399856615095 5.0706066344469169 5.073790717124993 0 0 0 0 0 0.16408636893672224 -5.3538544600995053 -1.4783448827326851 0 0 0 0.021758162160878669 -0.0071405529267209999 -0.019427487174539237 -16.442685949247249 -15.854380037039206 0 0 0 0 0 5.3504468270348937 0.05771616562455506 1.6801647212405513 0 0 0 0.12327974885373294 -0.0081891891046126375 0.1046965710793657 -365.95768921443562 -366.06717386733493 0 0 0 0 0 1.3504087927884711 -1.4651935607012945 -0.02796469100729837 0 0 0 0.10049752985352711 -0.14394514069593356 -0.013568972612176822 26.887830800959023 33.281634838733254 0 0 0 0 0 0 0 0 0 0 0 0 0 0 0 0 1.0000000000010001 0 0 0 0 0 0 0 0 0 0 0 0 0 0 0 0 1.0000000000010001 0 0 0 0 0 0 0 0 0 0 0 0 0 0 0 0 0 0 0 0 0 0 0 0 0 0 0 0 0 0 0 0
0 0 0 0 0 0 0 0 0 0 0 0 0 0 0 0 0 0 0 0 0 0 0 0 0 0 0 0 0 0 0 0 0 0 0 0 0 0 0 0 0 0 0 0 0 0 0 0 0 0 0 0 0 0 0 0 0 0 0 0 0 0 0 0 0 0 0 0 0 0 0 0 0.031446363873977035 0.0044095352369488694 0.016937073049822459 -0.013946462623648515 0.65445752504833532 0.0040173500498452697 0.033234884232306736 0.0046034604878064656 -0.0084458953792393016 -0.013946462637526302 0.65445752504833532 0.0040173500498452697 -0.019664600003910238 0.095924406473546497 -0.063385499928853853 -0.35188432184751761 -0.042866650562523034 0.097857364711462225 0.021880216704118671 0.10064970762391212 0.088075021635489845 -0.35188432168098416 -0.042866650562523034 0.097857364711462225 0.031685122484081951 -0.0070857512635136288 0.17555650184793781 0.024020308686534264 -0.18321823259948022 -0.0067193399316822777 0.028808923447567265 -0.007410194430290673 0.17412134798002149 0.024020308672656476 -0.18321823259948022 -0.0067193399316822777 -0.34454640751580001 1.5271848122777598 1.5262682934903322 7.1496566307338583 0.59413006681108271 1.0195075773600237 0.088411635436955932 1.5750468256303662 -1.5378949074993158 7.1496566276252338 0.59413006681108271 1.0195075773600237 -2.9989991725543064 -0.071174994453748752 0.14385503556724358 -0.28094638626630086 13.223293751973841 0.68548090048636823 -2.7062719493153864 -0.038350892461735953 -0.36936432584888429 -0.28094638648834547 13.223293751973841 0.68548090048636823 -2.0380404341935332 -0.15533850383775416 -0.0074247738917863088 0.035461257930080592 -0.97154861267156889 10.592569204437297 2.4594416012859517 0.35133088438499271 0.023990416051159692 0.035461257930080592 -0.97154861267156889 10.592569204437297 0 0 0 0 0 0 0 0 0 0 0 0 0 0 0 0 0 0 0 0 0 0 0 0 -2.1248252542738211 0 0 0 -39.017155027687437 0 -0.17396750286547866 0 0 0 0 0 -0.17396750287557161 0 0 0 0 0 -2.1248252542183099 0 0 0 -39.017155027742945 0
1.0000000000010001 0 0 -4.2317364890021025e-05 0.0019214313751181322 -5.9995348966612738e-05 0.020000000003350671 0 0 -1.9109713811360507e-07 1.1662344701068861e-05 -9.798273303829319e-07 -0.0036416663434790664 -0.0036463626285065942 -2.4120955233186692e-05 -2.4151985966724965e-05 0 0.99999999999997014 0 -0.00191871610440153 -4.566286530751501e-05 -6.4252106781771678e-06 0 0.019999999999989644 0 -1.2007841335842651e-05 -2.5747951405523384e-06 2.439262550626986e-06 0.00025053167315236893 0.00026268928135161906 1.6683839639680675e-06 1.7494659692272874e-06 0 0 0.99999999997324451 0.00013053430558684909 -4.6471049230945027e-05 1.7738310820192282e-06 0 0 0.020000000017228459 3.9561409703736672e-06 -3.9010739083522594e-06 -7.3299699643314398e-07 0.0010270545247603735 0.0010276675066478447 6.8421102117355304e-06 6.8461625257754122e-06 0 0 0 1.0000297672244085 0.00079278038300767406 0.0015373800843487828 0 0 0 0.019995674338524339 -0.00045902458223334719 -0.00055081515737409603 -0.0017993353890188857 -0.0017155849380001698 -1.2155110251654833e-05 -1.1593906390494624e-05 0 0 0 -0.0007574439721269588 1.0000335298951391 0.0022886514558506654 0 0 0 0.0004753508316135413 0.019988129373871288 -0.00068448192946934938 -0.073408844364353243 -0.073471412675996106 -0.00048938759295014123 -0.0004898036420897256 0 0 0 -0.0015666345686005112 -0.0022515397324340825 1.0000354523295729 0 0 0 0.00057840936554254263 0.00066810993196164681 0.019985203044553534 0.0028481705362237708 0.0041286405648433 1.9043076143754334e-05 2.7579501182817268e-05 0 0 0 -0.0043093767790325366 0.19216099896024463 -0.0059919532807706233 1.0000000000010001 0 0 -2.6974242284261152e-05 0.0018031087109515731 -0.00013206083449013306 -0.36628602304716873 -0.36675782727479955 -0.0036400106540046551 -0.0036446858933669724 0 0 0 -0.1918827093709552 -0.0046518196863964967 -0.00072024881545007524 0 1.0000000000010001 0 -0.0018405268524535057 -0.00027642867161947748 0.00026663452001862709 0.025875544765879832 0.027094150496093095 0.00025701088826601826 0.00026917792647629391 0 0 0 0.013180137248963719 -0.0046798271091663679 0.00017914420467890491 0 0 1.0000000000010001 0.00042243702286226537 -0.00041439306500135054 -7.0214778435939706e-05 0.10341137667707612 0.10347176636338329 0.0010313259603961233 0.0010319299442729246 0 0 0 0.0032915894732088447 -0.10676766008799188 -0.024288903388569594 0 0 0 1.0005105733623676 -0.0010502730768413571 -0.00065490919631816524 -0.33795717421791771 -0.32600239109614737 -0.0034330617654232398 -0.0033126271031802546 0 0 0 0.10660181337662777 0.0013843306501115649 0.033524371723103741 0 0 0 0.0041279282769757231 0.99978667858491299 0.0019971868742141297 -7.3168411425655888 -7.3186584338552629 -0.073164858879759542 -0.073182781459846247 0 0 0 0.021566408242579271 -0.029023555225826669 -0.00063681920847713513 0 0 0 0.0023755944711378874 -0.0028850105637800993 0.99969987707448915 0.56235552581274106 0.69021173712546791 0.0056395629555172633 0.0069180726425255301 0 0 0 0 0 0 0 0 0 0 0 0 1.0000000000010001 0 0.019999999999881224 0 0 0 0 0 0 0 0 0 0 0 0 0 0 1.0000000000010001 0 0.020000000001615947 0 0 0 0 0 0 0 0 0 0 0 0 0 0 1.0000000000010001 0 0 0 0 0 0 0 0 0 0 0 0 0 0 0 0 1.0000000000010001
6.4115518449980868e-06 8.9411811288186982e-07 3.4453595378458346e-06 -2.8860316914069983e-06 0.00013629403161630194 8.0993545203966733e-07 6.7723919906402905e-06 9.3391960831468168e-07 -1.7332690476982982e-06 -2.8860316914069983e-06 0.00013630007539289224 8.0993545203966733e-07 -3.907880583801232e-06 1.9087479372677935e-05 -1.2727285304435674e-05 -7.0781140172095081e-05 -9.372393486306585e-06 1.9668485319156853e-05 4.4414274479642493e-06 2.0053775480477487e-05 1.7767003352817076e-05 -7.0781140172095081e-05 -9.3881179414646854e-06 1.9668485319156853e-05 6.3360150459601527e-06 -1.40495948208752e-06 3.5149952174133537e-05 5.0792980932357068e-06 -3.8437891758391629e-05 -1.4142853554943713e-06 5.7307946267247765e-06 -1.4744594434290548e-06 3.4799582014800914e-05 5.0792980932357068e-06 -3.8438724425660098e-05 -1.4142853554943713e-06 -4.4420175870918399e-05 0.00030648926452325753 0.0003045908316763152 0.0014306514167783391 6.731200319354258e-05 0.00014385163893404496 1.66620442190987e-05 0.00031331082867014359 -0.00030602910751283753 0.0014306514167783391 6.7203687059702588e-05 0.00014385163893404496 -0.0005815939743691878 -6.2305230419390512e-06 3.6254497458307574e-05 -2.3832283368996343e-05 0.0027479913206063245 6.9825943638246457e-05 -0.00055160629851659269 -2.8285290776253191e-06 -8.2733559446585204e-05 -2.3832283368996343e-05 0.0027480749134611848 6.9825943638246457e-05 -0.00042942545006030564 -2.3383864289350242e-05 7.9831576887868054e-06 4.5175790192031329e-05 -0.00010647160583743265 0.0021273615993799844 0.00047375600601619956 8.0156759701965896e-05 -6.1889190503722799e-06 4.5175790192031329e-05 -0.00010813694731326429 0.0021273615993799844 0.0006518019873835712 8.9847962403410975e-05 0.00034762842554199254 -0.00029558840791699126 0.014175899898383193 8.2393654399215421e-05 0.00068852010582830627 9.3931334932406685e-05 -0.00017635994358466939 -0.00029558840791699126 0.014177104643020577 8.2393654399215421e-05 -0.00038927313109060613 0.0018989904405908309 -0.0012802707000715001 -0.0071211288706074516 -0.0010016875558183091 0.0019696395694990265 0.00044675925837577387 0.0019965591055437493 0.0017892421092493196 -0.0071211288671380046 -0.001004854498221075 0.0019696395694990265 0.00062984222004569546 -0.00013975705141777706 0.0035169683049938454 0.00052195415004008261 -0.0040045212788136775 -0.00014461506818441716 0.00056795832320670351 -0.00014692006639061006 0.0034787302633507797 0.00052195415004008261 -0.0040046783927188967 -0.00014461506818441716 -0.006980020839097989 0.030539544018659548 0.030540464409449422 0.14302440790037174 0.013116807501267758 0.020726184019048688 0.0018202882950957289 0.031538915021278591 -0.030787285268188361 0.14302440784486059 0.013085353481323558 0.020726184019048688 -0.058971233021787306 -0.0014264997932889045 0.0029586162599706534 -0.0055706903812069442 0.283412932303162 0.014324802635745648 -0.052855258093267098 -0.00072266936879117338 -0.0076521829495711539 -0.0055706903812069442 0.28341760488492795 0.014324802635745648 -0.04063751840588381 -0.0031777400710808479 -0.00018178343800346822 0.0006431642995963216 -0.021787004172990621 0.21175992620525719 0.049256549420037286 0.0072155375563376367 0.00054251639763118985 0.00064316432735189721 -0.022119553744204268 0.21175992620525719 -0.00042496505099631765 0 0 0 -0.0078034310055374867 0 -3.4793500151715634e-05 0 0 0 0 0 -3.479349967860923e-05 0 0 0 0 0 -0.00042496505131172187 0 0 0 -0.0078034310055374867 0 -0.042496505085753977 0 0 0 -0.78034310055374867 0 -0.0034793500577511394 0 0 0 0 0 -0.0034793500511276498 0 0 0 0 0 -0.042496505083861547 0 0 0 -0.78034310056068756 0
yaw_anchored
0 0 0.59999999999999998
-0.077378152000000006 8.0999999999999997e-07 0.31543998403249462 0.20000000000000001 -0.16 0.13 0.20000000000000001 -0.080000000000000002 0.040000000000000001 0.25 -0.20000000000000001 0.080000000000000002 0.035426350504349877 0.0072593041560885634 0.14999999999999999 0.10000000000000001
1.3 -0.5 28.375229491866026 0.20327183296816836 -0.080000000000000002 0.040000000000000001 -0.80000000000000004 0.40000000000000002 28.214612508133982 0.063271832968168379 0.059999999999999998 -0.029999999999999999
0.20000000000000001 -0.080000000000000002 0.040000000000000001 0.24322100373496758 -0.20810680298797407 0.080451621345620283 -2.2517127686473186 -3.0039780763158146 -0.3186331784250605 19.48152959475339 -17.244121644658509 -5.5999884256198555 0.14999999999999999 0.10000000000000001 0.49827357397979616 -0.86732685198860227
-0.073836639555827296 -0.0022087170703856953 0.31617213690196999 0.20851813156327043 -0.16806439225070374 0.13053325233846957 0.15367890530492406 -0.14144329400722847 0.032944019198157787 0.65261579507892864 -0.5579630742308157 -0.033687382852819026 0.038526005219145835 0.0090858387856908428 0.15996547147959592 0.082653462960227964
0 0 0 0 0 0 1.0000000000010001 0 0 0 0 0 0 0 0 0 0 0 0 0 0 0 0 1.0000000000010001 0 0 0 0 0 0 0 0 0 0 0 0 0 0 0 0 1.0000000000010001 0 0 0 0 0 0 0 0 0 0 0.003537004883424899 -0.036661117211456151 -0.10408973660780418 0 0 0 0.99645345394416829 0.062329659447635244 0.082169651693941859 0 0 0 0 0 0 0 0.043338882760313169 0.0050395021211624424 -0.12172821070577378 0 0 0 -0.067670340553327435 0.99525180070891839 0.098264278644566438 0 0 0 0 0 0 0 0.10004474259445173 0.12496420593449686 0.0068447096948642816 0 0 0 -0.077830348305107933 -0.10173572136118469 0.99452580187842088 0 0 0 0 0 0 0 0.81635469872942679 9.6922102377217101 1.9950518879152668 0 0 0 0.0040499712472552574 -0.0017605013002963688 0.012247743264026667 -14.307884960595985 -14.286227813853358 0 0 0 0 0 -9.6155793221086583 0.44423545619842741 -1.5141951161812273 0 0 0 -0.00086292528678200142 0.0032890234979987554 -0.012923794034946923 -12.973688110484716 -12.83537283569558 0 0 0 0 0 -2.8475096648106213 2.4424135227907318 -0.0059668661678280444 0 0 0 -0.025658082852819675 0.0201707756608549 0.00069510858180521495 -0.5722898231419471 -0.56378189139394408 0 0 0 0 0 1.1261974339760172 -3.884141014154352 17.616753442695199 0 0 0 0.041846499598818809 0.018278251801007173 0.062320758331679826 252.93776943158264 250.41044780316213 0 0 0 0 0 7.1900038971506319 1.4755008415079374 18.853830999532306 0 0 0 -0.0014154597494098198 -0.018391389744465414 -0.0063038640973900328 -277.78258062483019 -277.97056098677331 0 0 0 0 0 -18.284095756992969 -18.076038988734666 3.3635735503523279 0 0 0 -0.1918246836929427 -0.11267613508891827 -0.023455105413461297 -26.455028713456841 -16.965632980259215 0 0 0 0 0 0 0 0 0 0 0 0 0 0 0 0 1.0000000000010001 0 0 0 0 0 0 0 0 0 0 0 0 0 0 0 0 1.0000000000010001 0 0 0 0 0 0 0 0 0 0 0 0 0 0 0 0 0 0 0 0 0 0 0 0 0 0 0 0 0 0 0 0
0 0 0 0 0 0 0 0 0 0 0 0 0 0 0 0 0 0 0 0 0 0 0 0 0 0 0 0 0 0 0 0 0 0 0 0 0 0 0 0 0 0 0 0 0 0 0 0 0 0 0 0 0 0 0 0 0 0 0 0 0 0 0 0 0 0 0 0 0 0 0 0 0.031364080051059333 -0.068534682151621951 0.0017724084766346678 0.2381680421770227 0.50540388563113936 -0.066132556097997508 0.0033481031280757634 -0.066702039003274649 -0.085118007518049627 0.2381680421770227 0.50540388540909476 -0.066132556097997508 -0.0021536707460147507 0.075826967149694724 -0.11246609118186847 -0.25966298378143904 0.45594454078923263 0.072314264354389479 0.028608618363179517 0.073822921331512248 0.010629422759845335 -0.25966298378143904 0.45594454078923263 0.072314264354389479 0.037298437137990047 0.0057909607109607464 0.16288805344693369 -0.021099136326974133 0.020065164307858652 0.0058723617635259018 0.039794379513846678 0.0056282214999647806 0.17241192318092555 -0.021099136326974133 0.020065164307858652 0.0058723617635259018 2.1780978197118479 1.0462414898881889 1.4992582125206795 5.1120452564390462 -8.8925164813957736 -1.2211471709377975 1.6584743072201036 1.0799912022463332 -0.92179212681210598 5.1120452564390462 -8.8925164796194167 -1.2211471709377975 -1.703673358286131 0.88236711626166198 0.49964461053372722 4.5127060968042088 9.8241898989215315 -1.9621245641587848 -2.5355492176970529 0.93706375103863593 -1.1397319851603485 4.5127060968042088 9.8241898953688178 -1.9621245641587848 -2.3705915005359874 0.95309286329836596 0.42513390236549958 2.1680072181951004 0.74889145862400142 10.410123384652081 2.049641583123929 0.65959629891310101 -0.47430790186895228 2.1680072181951004 0.74889145951217984 10.410123384652081 0 0 0 0 0 0 0 0 0 0 0 0 0 0 0 0 0 0 0 0 0 0 0 0 -2.1248252544638397 0 0 0 -39.017155027742945 0 -0.17396750287557161 0 0 0 0 0 -0.17396750288197674 0 0 0 0 0 -2.1248252543570878 0 0 0 -39.017155027742945 0
1.0000000000010001 0 0 0.00016568701965979926 0.0019361301936693387 0.00040465202022499369 0.019999999996411777 0 0 6.6691790978623544e-07 1.2359828438501808e-05 7.9880199677084818e-06 -0.0028779299846015682 -0.0028731440074314385 -1.9062855460827421e-05 -1.9032671272345425e-05 0 1.0000000000001328 0 -0.0019204311090589149 8.7945023008809131e-05 -0.0003085843427574203 0 0.020000000000098064 0 -1.2558858033390186e-05 3.1398646703484356e-07 -7.1314701106245382e-06 -0.0026101060509979568 -0.0025827399062743756 -1.7300753494750576e-05 -1.7117910170935668e-05 0 0 0.99999999997324451 -0.00057720439539110657 0.00049768561494190067 -1.4827306049625122e-06 0 0 0.020000000017228459 -1.193434240320812e-05 9.5417007628384454e-06 2.1641022307505864e-07 -0.00016517257006576358 -0.00016318799089809488 -1.0277056983198918e-06 -1.01482711123424e-06 0 0 0 1.0001176215523877 -0.001182518055697912 -5.7344476389609156e-05 0 0 0 0.019932750602857929 0.0012445270092253935 0.0016745269337814506 0.046525651442586025 0.04617551166430367 0.00031018340673760747 0.0003078367699638207 0 0 0 0.0014285166383132264 1.0001423607214344 -0.00067683653126593413 0 0 0 -0.0013512581192864914 0.019903707029755857 0.0019760015845804446 -0.059222442699846667 -0.059040925703968128 -0.000394802648906456 -0.00039360388559561699 0 0 0 -4.674642617441549e-05 0.00078089369692779798 1.0002636222083972 0 0 0 -0.0016317084211570076 -0.0020821690899230916 0.019884533394853854 -0.0036137486059129031 -0.0016820502074521571 -2.4138843701670964e-05 -1.1262171750736627e-05 0 0 0 0.016691244691946494 0.19343953483463849 0.040808171300477092 1.0000000000010001 0 0 6.012268460864334e-05 0.0018671364315769878 0.0010820978557646299 -0.28956776265687267 -0.28904969744114606 -0.0028775200139330437 -0.0028726663825473508 0 0 0 -0.19185113045439017 0.0087364908918363682 -0.031215626250524764 0 1.0000000000010001 0 -0.0018701563908596341 1.4102385925696126e-05 -0.00094742499956446125 -0.26240752995509986 -0.25969311037710163 -0.0026089701232745455 -0.0025816895982133659 0 0 0 -0.058154786673758618 0.050297377790498032 -0.00016594910862144374 0 0 1.0000000000010001 -0.0015408946375805588 0.0012373582609914724 2.5221057881053e-05 -0.020434781707046046 -0.020214879461327717 -0.00018761740425143891 -0.00018550027139352387 0 0 0 0.0243698784485602 -0.077037612844499392 0.36562614258439652 0 0 0 1.0006524945316286 -0.00089756824195319496 0.0055580112734432419 5.0646431659640001 5.0139188865205853 0.050648621519044923 0.050137296092600536 0 0 0 0.14750412596908902 0.03147353250243512 0.38911431426980059 0 0 0 0.0017773540417209688 1.0002524075680697 0.0042933043231663248 -5.5494529451194374 -5.5537093551771832 -0.055491369277405056 -0.055538018406409151 0 0 0 -0.3797435703389862 -0.37272425422452127 0.072435416026417343 0 0 0 -0.010427661685519229 -0.0084978578132610672 0.99915450620796653 -0.53796233566438811 -0.34817128493486171 -0.0053907554253829204 -0.0034942170268337236 0 0 0 0 0 0 0 0 0 0 0 0 1.0000000000010001 0 0.019999999999881224 0 0 0 0 0 0 0 0 0 0 0 0 0 0 1.0000000000001328 0 0.019999999999881224 0 0 0 0 0 0 0 0 0 0 0 0 0 0 1.0000000000010001 0 0 0 0 0 0 0 0 0 0 0 0 0 0 0 0 1.0000000000010001
6.2592719469050776e-06 -1.3619987082602591e-05 2.5615303519591319e-07 4.8069832836450388e-05 0.00010537024724976973 -1.2823027362163231e-05 8.2718554228478069e-07 -1.3259941755716653e-05 -1.7252849192329824e-05 4.8069832836450388e-05 0.00010536462674570757 -1.2823027362163231e-05 -2.710498759200392e-07 1.5063190278441496e-05 -2.2773689082007628e-05 -5.2321367290802945e-05 9.5112872872810117e-05 1.4034948767407962e-05 5.6979909072302215e-06 1.4669092763403002e-05 2.0605071816449954e-06 -5.2321367290802945e-05 9.5076903815216607e-05 1.4034948767407962e-05 7.1852566631601067e-06 1.1431688928809081e-06 3.2431839732926256e-05 -4.3629544421719402e-06 5.9781346539722335e-06 1.1699252677743743e-06 7.6826323081036207e-06 1.1103062913520034e-06 3.444975412148687e-05 -4.3629544421719402e-06 5.9757476744692894e-06 1.1699252677743743e-06 0.00037042882650162312 0.00023509945379363018 0.00031372323978706099 0.0011108079317478925 -0.0016984378348183782 -9.6729721454913431e-05 0.00032917302217327915 0.00023772091239937509 -0.00020468262478494099 0.0011108079317478925 -0.0016979828931784624 -9.6729721454913431e-05 -0.00041015138934747265 0.00017998731671742263 8.5457956821272121e-05 0.00087188258002246499 0.0021671826139213479 -0.00017132718854728779 -0.00048264454932667178 0.00018476831176172936 -0.00022507853752301915 0.00087188258002246499 0.0021669442767935365 -0.00017132718854728779 -0.00047116128306571388 0.00015702784905702316 5.0357897122946669e-05 0.00025747969034650708 9.4455429588968798e-05 0.002130302392822081 0.00043325089349455226 9.6183991327158935e-05 -5.6404046524199787e-05 0.00025747969034650708 9.1943688773632459e-05 0.002130302392822081 0.00062622615426555228 -0.0013530625647684147 2.1579549281590469e-05 0.0048463563856460112 0.010970926014874927 -0.0012495103007825747 9.6916946690228656e-05 -0.0013177258589847085 -0.0017421185066558028 0.0048463563856460112 0.01096972014613673 -0.0012495103007825747 -1.2028102872681992e-05 0.0014964902511627187 -0.0022979038038077526 -0.0052713961667949505 0.009898001016028779 0.0013699425344126936 0.00057046063706156502 0.0014577440504703887 0.00020554790382681779 -0.0052713961667949505 0.0098908979478951053 0.0013699425344126936 0.00069717045437960143 0.0001129554574874625 0.0032322702701531188 -0.00044691977202360178 0.0007651897032667776 0.00011617857023638045 0.00074656350546042916 0.00010966996061290146 0.0034426470357364707 -0.00044691977202360178 0.00076464629766848091 0.00011617857023638045 0.042864853803200507 0.02086339712104035 0.03025243613064741 0.1021689758351485 -0.1912267271197976 -0.024584027036311795 0.032410659267512187 0.021557773677294279 -0.018249027571363603 0.1021689758351485 -0.19109277316076145 -0.024584027036311795 -0.033068481969805288 0.017571737453980774 0.0097116060209576326 0.090300690425149099 0.21071051065080226 -0.039757126868433801 -0.049923883915781175 0.018703964987931698 -0.022985589318180462 0.090300690425149099 0.21072363121099613 -0.039757126868433801 -0.047387606344270965 0.019328296393950062 0.0084153936815784865 0.043128411751636175 0.016698001516213257 0.2081500521944335 0.04097018868609581 0.013336953229303727 -0.0094571574355363525 0.043128411751636175 0.016204988746715276 0.2081500521944335 -0.00042496505246416059 0 0 0 -0.0078034310055374867 0 -3.4793501413332706e-05 0 0 0 0 0 -3.4793500212370301e-05 0 0 0 0 0 -0.00042496505099631765 0 0 0 -0.0078034310055374867 0 -0.042496505096962955 0 0 0 -0.78034310055374867 0 -0.0034793500580665437 0 0 0 0 0 -0.00347935006126911 0 0 0 0 0 -0.042496505085753977 0 0 0 -0.78034310055374867 0
