4
equilibrium
0 0 0.34771766403249466 0 0 0 0 0 0 0 0 0
-0.014600183648230658 -0.0021447005084615813 31.572223105192919 6.9392871294230023 0.30721273692578838 2.3805356869364358e-05 0.014600183648230658 0.0021447005084615813 31.549240894807085 -6.9334556062209529 0.39850337183596923 -2.3805356869364358e-05
0 0 0 0 0 0 1.253108781297642e-18 -2.4847093600342092e-16 -5.0578829966945978e-19 3.422416103291248e-15 1.6958942678520294e-17 1.4799731701453061e-16
2.5173087111070363e-22 -4.9918013213839432e-20 0.34771766403249466 6.8448322065824958e-19 3.3917885357040591e-21 2.9599463402906123e-20 2.5283998596187887e-20 -5.0141839226994683e-18 -1.0115765993389201e-20 6.8448322065824962e-17 3.3917885357040593e-19 2.9599463402906127e-18
0 0 0 0 0 0 1 0 0 0 0 0 0 0 0 0 0 0 0 1 0 0 0 0 0 0 0 0 0 0 0 0 1 0 0 0 0 0 0 0 0 0 0 0 0 1 0 0 0 0 0 0 0 0 0 0 0 0 1 0 0 0 0 0 0 0 0 0 0 0 0 1 0 0 0 -7.8515689371088659e-16 9.8099999999596292 -2.3493736295351644e-16 0 0 0 0 0 0 0 0 0 -9.8099999999982099 1.0723182335120206e-13 -3.5027392029992901e-17 0 0 0 0 0 0 0 0 0 6.8498471096346765e-17 5.9258742275068077e-12 7.3969871845189262e-17 0 0 0 0 0 0 0 0 0 -2.1443698923156286e-12 -1.3599684482274653e-12 4.7716540061677628e-16 0 0 0 0 0 0 0 0 0 -1.0775459258679579e-14 -5.3002112993068667e-10 -3.1917253233237569e-15 0 0 0 0 0 0 0 0 0 -9.3732894383600179e-14 6.9677617314184175e-13 -1.5008280781155051e-17 0 0 0 0 0 0
0 0 0 0 0 0 0 0 0 0 0 0 0 0 0 0 0 0 0 0 0 0 0 0 0 0 0 0 0 0 0 0 0 0 0 0 0 0 0 0 0 0 0 0 0 0 0 0 0 0 0 0 0 0 0 0 0 0 0 0 0 0 0 0 0 0 0 0 0 0 0 0 0.20641376774677719 -0.00013452351611027596 -0.0078018898679914116 0.0018104461925425462 0.69781055945545767 -0.00019748610313808358 0.20641376774677719 -0.00013452351611027596 -0.0078018898674698349 0.0018104461924104214 0.69781055945545767 -0.00019748610313808358 -0.0001345235162125272 0.18245603401882782 5.4761952343809125e-05 -0.35898181128301254 -0.0019317170522919376 0.072035677785350208 -0.0001345235162125272 0.18245603401882782 5.4761952335748618e-05 -0.35898181125681439 -0.0019317170522919376 0.072035677785350208 -0.0078018898726759057 5.4761952336777952e-05 0.15660822937060123 -0.0007307446209266021 -0.10675178023176179 0.00012127086000758317 -0.0078018898726759057 5.4761952336777952e-05 0.15660822936692168 -0.00073074462087327323 -0.10675178023176179 0.00012127086000758317 0.0018104461937479693 -0.35898181126501327 -0.00073074462098379495 4.9445828614205691 0.024501666300566893 0.21382116467439752 0.0018104461937479693 -0.35898181126501327 -0.00073074462087434398 4.9445828610597182 0.024501666300566893 0.21382116467439752 0.69781056002129604 -0.0019317170524592257 -0.10675178025422723 0.024501666303926112 9.5480118522762591 -0.012613708538868911 0.69781056002129604 -0.0019317170524592257 -0.10675178024709063 0.024501666302138007 9.5480118522762591 -0.012613708538868911 -0.00019748610381029556 0.072035677785288896 0.0001212708600229719 0.21382116468612228 -0.012613708537831218 7.8408263329279286 -0.00019748610381029556 0.072035677785288896 0.00012127086001748561 0.21382116467051784 -0.012613708537831218 7.8408263329279286
1 0 0 -1.5772771107954058e-19 0.0019619999999918917 -4.7196211427186308e-20 0.019999999999999997 0 0 -5.2256459499999528e-20 1.3079999999999905e-05 -5.1647835123990385e-15 0 1 0 -0.0019619999999996415 2.1535318226207378e-17 -7.0366850274446667e-21 0 0.02 0 -1.3079999999989527e-05 -3.8455477135670533e-22 3.914550687662433e-18 0 0 0.99999999997324451 0 0 0 0 0 0.019999999989472883 0 0 0 0 0 0 0.99999999999999956 -2.7200841346155991e-16 -8.8752515515847785e-21 0 0 0 0.019999999999999855 -1.9098864664680041e-21 -3.8433947603741662e-17 0 0 0 -2.1402318419753852e-18 0.99999999999989386 -9.8031465185213427e-19 0 0 0 -7.1595577781525354e-19 0.02 -7.0668785348684776e-14 0 0 0 -1.8586926288950774e-17 1.3969782844296849e-16 1 0 0 0 -6.2719432506001743e-18 1.1233564179621869e-21 0.020000000000000101 0 0 0 -1.5842334889190398e-17 0.19619999999918566 -4.7404950262118954e-18 1 0 0 -5.2216536247218004e-18 0.0019620000001291066 -5.1994724662368638e-13 0 0 0 -0.19619999999996413 2.1624271782184519e-15 -7.0678916402240683e-19 0 1 0 -0.0019619999999989481 -3.5749704405533446e-16 9.0507203770935516e-16 0 0 0 1.3700936201878533e-18 1.1851748454735936e-13 1.4793974368970445e-18 0 0 1 2.0095593569248178e-18 -1.9750778424663935e-14 7.9011163651922826e-14 0 0 0 -4.2887171454360391e-14 -2.7199367785407355e-14 9.543308014554197e-18 0 0 0 0.99999999999998579 4.5330304516251546e-15 -1.0998697872038655e-14 0 0 0 -2.1552254105821247e-16 -1.0600422598683293e-11 -6.383450646339365e-17 0 0 0 -7.2408572092715639e-17 1.0000000000017668 -7.066913995903128e-12 0 0 0 -1.866356089865889e-15 1.39355667013648e-14 -3.0016561580799029e-19 0 0 0 -6.3696295265622785e-16 -2.3340762548241173e-15 1.0000000000000095
4.1328390357398364e-05 -2.7031045264539527e-08 -1.5673595400269073e-06 3.6369164748478606e-07 0.00014018655186623044 -4.0322162330894381e-08 4.1328390357398364e-05 -2.7031045264539527e-08 -1.5673595397584201e-06 3.6369164783070177e-07 0.00014018655186623044 -4.0322162330894381e-08 -2.7023106406048865e-08 3.6514684214243751e-05 1.1000181166645425e-08 -7.2119737975739429e-05 -3.8794581943444453e-07 1.4393151652914633e-05 -2.7023106406048865e-08 3.6514684214243751e-05 1.1000181164901718e-08 -7.2119737970477213e-05 -3.8794581943444453e-07 1.4393151652914633e-05 -1.5603629499594263e-06 1.0935696792557792e-08 3.1321645087161518e-05 -1.4615171761590008e-07 -2.1350365919658998e-05 2.425837308805967e-08 -1.5603629499594263e-06 1.0935696792557792e-08 3.1321645960051237e-05 -1.4614654107920006e-07 -2.1350365919658998e-05 2.425837308805967e-08 3.6208923851596146e-07 -7.1796362253274674e-05 -1.4614892419223104e-07 0.00098891657228411382 4.900333260113379e-06 4.2764232934698154e-05 3.6208923851596146e-07 -7.1796362253274674e-05 -1.4614892416912067e-07 0.00098891657221195669 4.900333260113379e-06 4.2764232934698154e-05 0.00013956211196892375 -3.8634351649607125e-07 -2.1350356050845427e-05 4.9003332607852235e-06 0.0019096023704552518 -2.5227417784432669e-06 0.00013956211196892375 -3.8634351649607125e-07 -2.1350356047178157e-05 4.9003332655238689e-06 0.0019096023704552518 -2.5227417784432669e-06 -3.9497220721561014e-08 1.4407135557197821e-05 2.4254172004790185e-08 4.276423293722446e-05 -2.5227417075662438e-06 0.0015681652665856794 -3.9497220721561014e-08 1.4407135557197821e-05 2.4254172000537931e-08 4.2764232934096835e-05 -2.5227417075662438e-06 0.0015681652665856794 0.0041374027168023702 -2.7157376977326347e-06 -0.00015743411064555337 3.6529405664713513e-05 0.014081099184136931 -4.1147097578179817e-06 0.0041374027168023702 -2.7157376977326347e-06 -0.00015743411061865795 3.6529405699308643e-05 0.014081099184136931 -4.1147097578179817e-06 -2.7141509576741079e-06 0.0036538161624688143 1.1047971864857765e-06 -0.0072443113694876824 -3.8954822841569106e-05 0.0014379167748751734 -2.7141509576741079e-06 0.0036538161624688143 1.1047971863106899e-06 -0.0072443113689590307 -3.8954822841569106e-05 0.0014379167748751734 -0.00015603779741400777 1.0952391257466931e-06 0.0031321645874120238 -1.4614892421378603e-05 -0.0021350356046352368 2.4254172594129198e-06 -0.00015603779741400777 1.0952391257466931e-06 0.0031321645873359297 -1.4614892426012157e-05 -0.0021350356046352368 2.4254172594129198e-06 3.6208923837300337e-05 -0.0071796362253112546 -1.4614892419223102e-05 0.098891657228412033 0.00049003332601848582 0.0042764232934600528 3.6208923837300337e-05 -0.0071796362253112546 -1.4614892416912067e-05 0.098891657221195292 0.00049003332601848582 0.0042764232934600528 0.013956211196892304 -3.8634348116097495e-05 -0.0021350356050845423 0.00049003332633312151 0.1909602370455252 -0.00025227417607766046 0.013956211196892304 -3.8634348116097495e-05 -0.0021350356047178149 0.00049003332680719509 0.1909602370455252 -0.00025227417607766046 -3.9497220727743009e-06 0.001440713555715423 2.4254172004790181e-06 0.0042764232937221097 -0.00025227417075631521 0.15681652665856499 -3.9497220727743009e-06 0.001440713555715423 2.4254172000537928e-06 0.0042764232934093017 -0.00025227417075631521 0.15681652665856499
positive_dynamic
0 0 0.34771766403249466 0.080000000000000002 -0.059999999999999998 0.040000000000000001 0.17000000000000001 -0.089999999999999997 0.059999999999999998 0.31 -0.23999999999999999 0.17999999999999999
1.9853998163517694 -0.70214470050846156 33.372223105192916 7.0592871294230024 0.22721273692578836 0.050023805356869365 -1.0853998163517695 0.40214470050846163 30.649240894807086 -7.0034556062209532 0.45850337183596923 -0.040023805356869363
0.17000000000000001 -0.089999999999999997 0.059999999999999998 0.31060966853607186 -0.23899999999999999 0.18028066292785624 -0.41146947694290525 -0.87540084933426321 0.080384896624307797 0.34427947852073587 0.31012652880113883 0.058508290979862994
0.0033147793995407277 -0.0019792853434829013 0.34893323078292571 0.086282529383557599 -0.064718993046300313 0.043612918518372033 0.16133286787609907 -0.10814001740944232 0.061530591362586505 0.31687091243628707 -0.23380099439247881 0.18120602487244028
0 0 0 0 0 0 1.0000000000010001 0 0 0 0 0 0 0 0 0 0 0 0 1.0000000000010001 0 0 0 0 0 0 0 0 0 0 0 0 1.0000000000010001 0 0 0 0 0 0 0.0018003738777583322 -0.08849972923941074 -0.12086682141254634 0 0 0 0.99956658283772981 0.01959992262934307 0.030266718242799584 0 0 0 0.091650319097857924 0.0026671823777357773 -0.15429986463533218 0 0 0 -0.020400077349602697 0.99933320441003559 0.039799961326636435 0 0 0 0.11863301745129728 0.15600023207940072 0.0032672726191229629 0 0 0 -0.029733281753374641 -0.040200038686766248 0.99916650550535557 0 0 0 0.21791334023357756 9.9125428471014132 0.47310413894829928 0 0 0 0.0035835791001304074 0.0023117336656053311 0.00466333829884924 0 0 0 -9.8956492034507626 0.18344413882376287 -0.12511799785119848 0 0 0 0.00013801088050158228 0.018447966931844917 -0.01799209548014602 0 0 0 -0.85925223408667151 0.43821982797370707 0.0083184323526608317 0 0 0 -0.043363679237684583 0.034391603925820746 0.0047645375353400077 0 0 0 -0.0039295195153332685 0.055777032048620612 -0.30681886056815877 0 0 0 0.0038761014675703365 -0.021273079076067347 0.032859223758618938 0 0 0 -0.10000992761716176 -0.024520004443528975 0.38293904930375433 0 0 0 -0.13408538054870967 -0.0069581751471758935 -0.21288185136913995 0 0 0 0.34416726213751248 -0.31469270260833793 -0.018565143550947072 0 0 0 -0.20185077789780514 0.22290903266275475 0.0030820736240944058
0 0 0 0 0 0 0 0 0 0 0 0 0 0 0 0 0 0 0 0 0 0 0 0 0 0 0 0 0 0 0 0 0 0 0 0 0 0 0 0 0 0 0 0 0 0 0 0 0 0 0 0 0 0 0 0 0 0 0 0 0 0 0 0 0 0 0 0 0 0 0 0 0.20633804154088956 -0.0078589769136883092 -0.01691194880407949 0.017040586596812471 0.7023018492036126 -0.0032526196180882039 0.20633804152479313 -0.0078589769136883092 -0.016911948801527934 0.017040586597419465 0.70230184914810145 -0.0032526196180882039 0.0082439954394553164 0.18171742904860011 -0.012930421643224841 -0.35742011181638805 0.032912984337940543 0.071730574535688874 0.0082439954006389357 0.18171742899308896 -0.012930421638674881 -0.35742011185200295 0.032912984337940543 0.071730574535688874 0.0049173407815127912 0.014395761041563482 0.155350571881054 -0.028848476289174075 -0.063467307534481598 0.0057738830314124634 0.0049173401128415877 0.014395761041563482 0.15535057185942031 -0.028848476293068689 -0.063467307534481598 0.0057738830314124634 -0.027714362477485377 -0.36216625318163942 0.0037818623633838187 4.9182397501964674 -0.37890238702154022 -0.24320778790887232 -0.027714362354489867 -0.36216625304286154 0.0037818623605232922 4.9182397506708488 -0.37890238693827349 -0.24320778790887232 0.69510595685045429 -0.021232879704458085 -0.10636243526628469 0.19262039870409117 9.5117984047765614 -0.63999365182421108 0.69510595660583396 -0.021232879704458085 -0.10636243524235511 0.19262039876686798 9.5117984036940939 -0.63999365182421108 0.054795226949682925 0.049452817667272608 -0.0083199256307008862 0.51868548477002852 0.73987422581980877 7.8138143232153734 0.054795226919389886 0.049452817667272608 -0.008319925627568895 0.51868548481424448 0.73987422580593099 7.8138143232153734
1.0000000000001328 0 0 4.6235084771167889e-05 0.00198231246955477 9.4668820308993484e-05 0.020000000000314905 0 0 7.3244058387822442e-07 1.3626768767191488e-05 2.1170159809208444e-06 0 1.0000000000001328 0 -0.0019786989297488483 3.8887907650997366e-05 -2.4895471968655603e-05 0 0.020000000000098064 0 -1.3124664983293899e-05 3.6936374098184288e-06 -4.135517883002704e-06 0 0 0.99999999997324451 -0.00017589549261565196 9.0883939263264324e-05 1.8010315461225446e-06 0 0 0.020000000017228459 -9.9545927056965411e-06 7.4070749533916569e-06 9.3855478944249171e-07 0 0 0 1.0000336416460254 -0.0017682245459504919 -0.0024449409163906921 0 0 0 0.01999113670436703 0.00038974980187678199 0.00061037675608277553 0 0 0 0.00181802051885116 1.0000418056294036 -0.0030449065976934087 0 0 0 -0.00043582112918549853 0.019988101042367479 0.00075369465529773194 0 0 0 0.0024133722555108594 0.0030904584100155397 1.0000552460899537 0 0 0 -0.00063392388907623776 -0.00075891229064928289 0.019986667293414584 0 0 0 0.004756230645441839 0.19822100973121426 0.0094705182446253033 1.0000000000010001 0 0 7.4201797484185761e-05 0.0020207753526069183 0.00027131724644746669 0 0 0 -0.19784782440135373 0.0039984961938688279 -0.0024821262128993382 0 1.0000000000010001 0 -0.0019698280506741384 0.00037015596837663978 -0.00044115977537728668 0 0 0 -0.017792768695901184 0.0092495256835689599 0.00018707229515468882 0 0 1.0000000000010001 -0.0010616677259545071 0.0007686510490600984 9.3124563615987199e-05 0 0 0 -9.16896281122348e-05 0.0011310040681777878 -0.0061375263760155008 0 0 0 1.0000919367092465 -0.00042225301033482765 0.00059904947669053854 0 0 0 -0.0020362899422199376 -0.00048434568855615368 0.0076526746328742234 0 0 0 -0.002682334007686471 0.99983640385048478 -0.0042399735111775527 0 0 0 0.0068712157907935278 -0.0063031705410665495 -0.0003883560972806066 0 0 0 -0.0039459167600064404 0.0044449974673232973 1.0000386033576225
4.1312290278806045e-05 -1.62276182075205e-06 -3.4359980266526605e-06 3.5471786416555002e-06 0.00014113370780215184 -6.1823853328424327e-07 4.1312290542751506e-05 -1.62276182075205e-06 -3.4359980208696185e-06 3.5471785961063445e-06 0.00014113370780215184 -6.1823853328424327e-07 1.7136649704738433e-06 3.6357317547211498e-05 -2.6573801995141901e-06 -7.179849553457837e-05 7.0160583072464977e-06 1.413539120823093e-05 1.713665031634824e-06 3.6357317547211498e-05 -2.6573802098542021e-06 -7.1798495562402264e-05 7.0160583072464977e-06 1.413539120823093e-05 1.088232835952169e-06 2.9747593277562601e-06 3.1053774511149506e-05 -6.2176487332910135e-06 -1.1968342983337266e-05 1.2173317909258685e-06 1.0882059334532732e-06 2.9747593277562601e-06 3.1053775021605753e-05 -6.2176489924902375e-06 -1.1968342983337266e-05 1.2173317909258685e-06 -2.5794905351247316e-06 -7.2192571365370384e-05 3.0334565419732859e-07 0.00098706583086422732 -3.5288577615588679e-05 -4.7720855045341182e-06 -2.5794866178419762e-06 -7.2192571365370384e-05 3.0334561796987544e-07 0.00098706583080191888 -3.5288577615588679e-05 -4.7720855045341182e-06 0.00013946925700811607 -2.3763213619076851e-06 -2.1338666909004842e-05 2.2031935079211005e-05 0.0019084153007886684 -6.852544920388226e-05 0.00013946925946346507 -2.3763213619076851e-06 -2.133866683587237e-05 2.2031935778069948e-05 0.0019084153007886684 -6.852544920388226e-05 5.8886274655405305e-06 1.2237030833084361e-05 -8.8535895514776977e-07 7.2441210335106123e-05 7.859067910342965e-05 0.0015680598555722902 5.8886280360113082e-06 1.2237030833084361e-05 -8.8535890985210323e-07 7.2441210163878657e-05 7.859067910342965e-05 0.0015680598555722902 0.0041357565892937171 -0.00016489551390996837 -0.0003466119205149636 0.00036257283873938938 0.014178468343839512 -6.0186480799195863e-05 0.0041357565946115024 -0.00016489551390996837 -0.00034661192052624093 0.00036257283761697044 0.014178468343839512 -6.0186480799195863e-05 0.00017470669980780595 0.0036375949821754183 -0.0002693356927794955 -0.0072117362288163364 0.00072463349209961336 0.0014028875422456011 0.00017470669987699442 0.0036375949821754183 -0.00026933569294190296 -0.0072117362298654087 0.00072463349209961336 0.0014028875422456011 0.00011414712544647655 0.00030240324827568443 0.0031045369230156394 -0.0006459309406629789 -0.0011592077055200267 0.0001248413698806683 0.00011414712868663209 0.00030240324827568443 0.0031045369225249915 -0.00064593094161251492 -0.0011592077055200267 0.0001248413698806683 -0.00058471147443019491 -0.0072448172738770467 8.0289583410107716e-05 0.098339767619373339 -0.0079939604380463436 -0.0051612249751809003 -0.00058471147249221833 -0.0072448172738770467 8.0289583113016589e-05 0.098339767625252053 -0.0079939604380463436 -0.0051612249751809003 0.013894820551195765 -0.0004331499187104626 -0.0021261429210877357 0.0038425637294528352 0.19013714466775689 -0.01362380436242816 0.013894820559597749 -0.0004331499187104626 -0.0021261429211001381 0.0038425637322238681 0.19013714464000131 -0.01362380436242816 0.0011702465922179093 0.00098384150826191785 -0.00017777776823860948 0.010434468732207963 0.015814778805967045 0.15620703069929576 0.0011702465983509875 0.00098384150826191785 -0.00017777776863386411 0.010434468732356679 0.015814778805967045 0.15620703069929576
negative_dynamic
0 0 0.34771766403249466 -0.070000000000000007 0.050000000000000003 -0.044999999999999998 -0.14000000000000001 0.080000000000000002 -0.050000000000000003 -0.27000000000000002 0.22 -0.16
-1.7146001836482305 0.49785529949153839 30.272223105192918 6.8392871294230027 0.37721273692578838 -0.039976194643130639 1.3146001836482306 -0.34785529949153837 32.649240894807086 -6.8534556062209528 0.34850337183596924 0.029976194643130633
-0.14000000000000001 0.080000000000000002 -0.050000000000000003 -0.27095435485078723 0.21950678880579899 -0.15906346044788772 0.43742235240195759 0.70507819803630178 -0.073376549050393439 -0.16406721020747303 -0.10139803116974933 -0.10097429383693898
-0.0027095115789490284 0.001744433583636668 0.34670259579302443 -0.075450947155101394 0.054369814944780222 -0.048202924939140981 -0.13080115226008385 0.094614629257825988 -0.051526892887363909 -0.27328931828056557 0.21796331246356537 -0.1620068762476736
0 0 0 0 0 0 1.0000000000010001 0 0 0 0 0 0 0 0 0 0 0 0 1.0000000000010001 0 0 0 0 0 0 0 0 0 0 0 0 1.0000000000010001 0 0 0 0 0 0 0.001516915149046838 0.080966811311089515 0.1089081683447457 0 0 0 0.99962285740606838 -0.022791712489533822 -0.024737458748091967 0 0 0 -0.07855806431755763 0.0021753113893518972 0.13598351515653473 0 0 0 0.022208287514535741 0.99942282599796428 -0.035187529459634881 0 0 0 -0.11085426944446031 -0.1344916092244075 0.0024920783631143806 0 0 0 0.025262541253345816 0.034812470545153573 0.99938323644410687 0 0 0 -0.20559479538273528 9.7510958673996395 -0.36923077370576429 0 0 0 0.0003598523423686828 -0.007537390461775928 -0.0022917891751017549 0 0 0 -9.740942535030328 -0.23257735171089422 0.18481766383970921 0 0 0 0.006030492549768951 -0.018131107226704302 0.018375081178856334 0 0 0 0.72093366471071008 -0.41426784613829426 0.0020703114292364155 0 0 0 0.034362351755690135 -0.032398843233250041 -0.0056903548609210652 0 0 0 0.0047955525939169519 -0.095700124658204544 0.10141755231451999 0 0 0 0.024725925876212251 -0.0082737483531047928 -0.01775760591349318 0 0 0 0.068492933734398687 -0.014517104449107698 -0.13034267146855294 0 0 0 0.16036608104647021 -0.0098486256303043085 0.17135526193118311 0 0 0 -0.068217487693422729 0.19044519688343753 -0.020019781159230643 0 0 0 0.14443156824694992 -0.21035610115599512 -0.014877300232030155
0 0 0 0 0 0 0 0 0 0 0 0 0 0 0 0 0 0 0 0 0 0 0 0 0 0 0 0 0 0 0 0 0 0 0 0 0 0 0 0 0 0 0 0 0 0 0 0 0 0 0 0 0 0 0 0 0 0 0 0 0 0 0 0 0 0 0 0 0 0 0 0 0.20553955407082303 0.0077471834503128889 0.00028269399576491354 -0.013732369633021862 0.69065237923160439 0.0029197576578710027 0.20553955407492791 0.0077471834503128889 0.00028269399632227494 -0.013732369631719258 0.69065237923160439 0.0029197576578710027 -0.010305538707418396 0.18183482108913296 0.011188066749501046 -0.35787457101764897 -0.041838305764319017 0.071804007684139748 -0.010305538684283716 0.18183482108913296 0.011188066746380775 -0.35787457103229492 -0.041838305764319017 0.071804007684139748 -0.017743129941504579 -0.012895907432197706 0.15640254868493192 0.024677235831040159 -0.13995748731482349 -0.00498518624297839 -0.017743130128514306 -0.012895907432197706 0.15640254867317785 0.024677235832394645 -0.13995748731482349 -0.00498518624297839 0.03192814591946061 -0.35454416966174129 -0.0053324664502909982 4.9454733020687511 0.43608675356909821 0.61655848550279391 0.031928145906996226 -0.35454416966174129 -0.0053324664477945307 4.9454733022529727 0.43608675356909821 0.61655848550279391 0.69529819910660218 0.019785112791159687 -0.10633999344955904 -0.19168258200903496 9.5129667368604185 0.51663127557943778 0.69529819925556058 0.019785112791159687 -0.10633999341570809 -0.19168258198308441 9.5129667368604185 0.51663127557943778 -0.049838752680342574 0.089262490794717042 0.0077370457124181649 -0.027768685861537783 -0.69179619471143594 7.8023960383213913 -0.049838752650770486 0.089262490794717042 0.0077370457103530807 -0.027768685865681608 -0.69179619471143594 7.8023960383213913
1.0000000000001328 0 0 -4.2983266468690773e-05 0.001950039892366015 -7.3812443570492325e-05 0.019999999999881224 0 0 8.1265940157781991e-08 1.1462948645846183e-05 -1.4062425269384393e-06 0 0.99999999999991596 0 -0.0019478694760670726 -4.8744637232839283e-05 3.7032455010507781e-05 0 0.020000000000098064 0 -1.1763353745947169e-05 -3.6678641894549724e-06 4.2588650705013831e-06 0 0 0.99999999997324451 0.0001477636901725532 -8.5615153855300719e-05 4.6646020379625952e-07 0 0 0.019999999989472883 7.8653472623813059e-06 -7.0626560155773177e-06 -1.1580458814108852e-06 0 0 0 1.0000288528655421 0.0016079217610154295 0.0021904735247879614 0 0 0 0.01999659387380559 -0.00045595218572946905 -0.00049927368489521839 0 0 0 -0.0015695233966661615 1.000035820535039 0.002709395277578075 0 0 0 0.00047600590830088052 0.019988708334361949 -0.00066929849856789403 0 0 0 -0.0022188881669549243 -0.0026698556698789844 1.0000414254612844 0 0 0 0.00053469836197583831 0.00065449389657912249 0.01998672764791376 0 0 0 -0.0043914423486501875 0.19499470163553134 -0.0073799666239215966 1.0000000000010001 0 0 8.6288753919916417e-06 0.0017946936436974426 -0.00018830238757150397 0 0 0 -0.19477065344580824 -0.0049861089077007925 0.003706374221423836 0 1.0000000000010001 0 -0.0018247008834459955 -0.00036942747472235027 0.00045590422409480524 0 0 0 0.014955815350048418 -0.0086991096444333227 4.9285246023211826e-05 0 0 1.0000000000010001 0.00083789907304177014 -0.00073685791843192128 -0.0001168231379689022 0 0 0 9.4066948674864648e-05 -0.001907538765832939 0.0020317502402722454 0 0 0 1.0005046711947241 -0.00019416096508351188 -0.00032695329776899484 0 0 0 0.0013637291990109546 -0.00027775347299918707 -0.0026084650689428557 0 0 0 0.0032593018978177568 0.99978316242532728 0.0034110011620791525 0 0 0 -0.0013718840924381581 0.0038121015233372191 -0.00040899102160540934 0 0 0 0.0028337456964289132 -0.0041939419576086934 0.99968809896822108
4.1138887199159006e-05 1.5846657753365578e-06 9.8860265191156286e-08 -2.823090633617365e-06 0.00013860671031068472 5.6449419791326783e-07 4.1138887094253711e-05 1.5846657753365578e-06 9.8860257689111574e-08 -2.8230906861117817e-06 0.00013860671031068472 5.6449419791326783e-07 -2.1317531383497701e-06 3.6382611983895585e-05 2.2970994009653333e-06 -7.1839526733120745e-05 -8.8425585213422475e-06 1.4524706632747242e-05 -2.1317532137550948e-06 3.6382611983895585e-05 2.2970994024011774e-06 -7.1839526769089653e-05 -8.8425585213422475e-06 1.4524706632747242e-05 -3.634934285424584e-06 -2.6667834607252416e-06 3.1280815710566739e-05 5.329540752952763e-06 -2.8588020839492856e-05 -1.0766110225546299e-06 -3.6349326769850651e-06 -2.6667834607252416e-06 3.1280815541413893e-05 5.3295424231683222e-06 -2.8588020839492856e-05 -1.0766110225546299e-06 3.5342179468673919e-06 -7.1414478497455747e-05 -6.3093018599011903e-07 0.00098988511032408561 4.8252700446393959e-05 8.3252328642036133e-05 3.5342168576604248e-06 -7.1414478497455747e-05 -6.3093014368971737e-07 0.00098988510913027646 4.8252700446393959e-05 8.3252328642036133e-05 0.00013946408356775371 1.7492639281524447e-06 -2.1332660423754863e-05 -1.5611889821593477e-05 0.0019081891206029766 5.4406222582681352e-05 0.00013946408384896987 1.7492639281524447e-06 -2.1332660468576794e-05 -1.5611890020202679e-05 0.0019081891206029766 5.4406222582681352e-05 -5.2747951440491906e-06 1.6163691912707279e-05 8.2735763430243424e-07 1.8410120500564796e-05 -7.4153586049341413e-05 0.0015660767647973639 -5.2747963987003935e-06 1.6163691912707279e-05 8.273575825957839e-07 1.8410120510053293e-05 -7.4153586049341413e-05 0.0015660767647973639 0.0041176964982420168 0.00016027673632734718 1.1652930070041222e-05 -0.00028677873342575704 0.013915443339285183 5.5470322779527237e-05 0.0041176965093971162 0.00016027673632734718 1.1652929517622123e-05 -0.0002867787340313509 0.013915443339285183 5.5470322779527237e-05 -0.00021685429634247386 0.0036401963526833114 0.00023271278058985864 -0.0072131877116870802 -0.00090989357715010044 0.0014596907293995542 -0.0002168542967699194 0.0036401963526833114 0.00023271278078142681 -0.0072131877123742458 -0.00090989357715010044 0.0014596907293995542 -0.00036789454475912552 -0.00027117052700531552 0.003128104437009953 0.00055405685501240683 -0.0028899077020305697 -0.00011161671586989996 -0.00036789454266899699 -0.00027117052700531552 0.003128104436021387 0.00055405685537001466 -0.0028899077020305697 -0.00011161671586989996 0.00065765913148531547 -0.0070884295655382346 -0.00010956751794568515 0.098927219668126926 0.0089826003302206914 0.012666703352870456 0.00065765913026878751 -0.0070884295655382346 -0.00010956751809478907 0.098927219676710851 0.0089826003302206914 0.012666703352870456 0.013899956000048163 0.00040341652240982739 -0.0021258710298370752 -0.0038337699793009046 0.19017625743633637 0.011021840065628119 0.013899955996233117 0.00040341652240982739 -0.0021258710295969652 -0.0038337699783609256 0.19017625743633637 0.011021840065628119 -0.001064122641356651 0.0017885359027136616 0.00016504773575503186 -0.00061332650133797111 -0.014757319477531894 0.15596300720344125 -0.0010641226405013297 0.0017885359027136616 0.00016504773555795789 -0.0006133265024467541 -0.014757319477531894 0.15596300720344125
coupled_3d
0 0 0.34771766403249466 0.16 -0.12 0.10000000000000001 0.089999999999999997 0.070000000000000007 -0.040000000000000001 0.41999999999999998 -0.33000000000000002 0.28999999999999998
1.3853998163517693 0.79785529949153844 30.972223105192917 7.0892871294230027 0.3972127369257884 -0.079976194643130633 0.61460018364823066 -0.89785529949153842 32.749240894807087 -7.0434556062209532 0.43850337183596921 0.069976194643130638
0.089999999999999997 0.070000000000000007 -0.040000000000000001 0.42096071728248274 -0.32778298581644716 0.29112326936829103 -0.59670186958933158 -1.6209368963354482 -0.093503842998579972 -0.011097106491766668 2.4879427858030438 0.23334714437312287
0.0016771812726657576 0.0010702205002867816 0.34689793367620581 0.16844332097919235 -0.12605574948501175 0.10583059223764971 0.077552860018163805 0.036742384572358767 -0.042025113621411182 0.41959371844984816 -0.28028937765195683 0.29501428106766264
0 0 0 0 0 0 1.0000000000010001 0 0 0 0 0 0 0 0 0 0 0 0 1.0000000000010001 0 0 0 0 0 0 0 0 0 0 0 0 1.0000000000010001 0 0 0 0 0 0 0.0057217605653470116 -0.1409969059562588 -0.16813574485463612 0 0 0 0.9979649701619131 0.048398665075666258 0.061334445772276425 0 0 0 0.14960392880070117 0.0080232870069973927 -0.20739777392697611 0 0 0 -0.051601334927209308 0.99703085815194825 0.078999165653570458 0 0 0 0.16076272482679066 0.21305285208272906 0.0089071693631925797 0 0 0 -0.058665554220072025 -0.081000834345479333 0.99666388556074459 0 0 0 0.55579029678565206 9.7850843906455154 0.81424705322685753 0 0 0 0.0088463648628689384 -0.0014657824398689456 0.0072504617310009678 0 0 0 -9.7150415688807001 0.45682427873838805 -0.050088180270080329 0 0 0 0.0048538955077503942 0.027131853874706735 -0.022053158077461887 0 0 0 -1.5707296439487761 0.69786396648952032 0.0421069000638985 0 0 0 -0.060388066415451025 0.045644752456885929 0.0051085423183327983 0 0 0 -0.13879974289018882 0.054016667700405863 -2.4813302737852414 0 0 0 0.035708910479589906 -0.053401238700109821 0.059849580740130304 0 0 0 -0.3367861032277375 -0.051627040864588025 0.081159064135860604 0 0 0 -0.17195899149058391 -0.025009202708758949 -0.29575192783681814 0 0 0 2.5582121877948394 -0.041177984994034134 -0.16876134849297397 0 0 0 -0.30974108247705523 0.27799856761046016 -0.010699707439498773
0 0 0 0 0 0 0 0 0 0 0 0 0 0 0 0 0 0 0 0 0 0 0 0 0 0 0 0 0 0 0 0 0 0 0 0 0 0 0 0 0 0 0 0 0 0 0 0 0 0 0 0 0 0 0 0 0 0 0 0 0 0 0 0 0 0 0 0 0 0 0 0 0.20478691042548786 -0.019977197895926224 -0.025102173048204182 0.040901256055905541 0.701395983571107 -0.0080409059965980134 0.20478691048486652 -0.019977197895926224 -0.025102173042115681 0.040901256060282297 0.701395983571107 -0.0080409059965980134 0.01964886897320111 0.17920075545685421 -0.026430093642994441 -0.35233597001815331 0.078208559184389514 0.070721113409888403 0.019648868754273963 0.17920075545685421 -0.026430093636770454 -0.35233597001668504 0.078208559184389514 0.070721113409888403 0.018541152608635533 0.027896706639163327 0.1525068557703147 -0.055301030889236429 -0.01632012736063615 0.011093265417372322 0.018541153098960983 0.027896706639163327 0.15250685575520723 -0.055301030886135194 -0.01632012736063615 0.011093265417372322 -0.074061735917020574 -0.36240895527096806 0.010871662442479628 4.8581040457567157 -1.012539443800281 -0.65801735619434176 -0.074061735954970842 -0.36240895527096806 0.010871662437320307 4.8581040455736169 -1.012539443800281 -0.65801735619434176 0.68563594659902494 -0.045925679037495115 -0.10494495051398084 0.43194030500267327 9.3830365537339588 -1.2841830328014225 0.68563594690651541 -0.045925679037495115 -0.10494495047982309 0.4319403049855452 9.3830365537339588 -1.2841830328014225 0.10658846966943367 0.024726353520243549 -0.016274384758449691 0.84111363613665102 1.4486817083436687 7.7098847770934453 0.10658846968936153 0.024726353520243549 -0.016274384758967746 0.84111363611662915 1.4486817083436687 7.7098847770934453
0.99999999999991596 0 0 0.00011559910830221537 0.001956662445024189 0.00016276626639381842 0.019999999999881224 0 0 1.7952470022716827e-06 1.2616420928812655e-05 3.6058418620768529e-06 0 0.99999999999991596 0 -0.0019419501167718123 9.4864271169350922e-05 -9.5872607812699795e-06 0 0.019999999999989644 0 -1.1913103207909781e-05 5.4335991001713824e-06 -4.9605105179734155e-06 0 0 0.99999999997324451 -0.00031940342037906078 0.00014398129910553337 8.9767360211823188e-06 0 0 0.019999999989472883 -1.4297396599971535e-05 9.4937391281746386e-06 9.5951024903229154e-07 0 0 0 1.0001036933049434 -0.0028318325878684547 -0.003606487719576279 0 0 0 0.019963392008937042 0.00096245518499404881 0.0012322632081396279 0 0 0 0.0029723328243136393 1.0001405072734837 -0.0041206293377449299 0 0 0 -0.0010699424402016433 0.01994359537238477 0.0015217165999503734 0 0 0 0.0034870452012003561 0.0042540141687030797 1.0001569084594486 0 0 0 -0.0012301545337933817 -0.0015625564245280721 0.019938726739110457 0 0 0 0.011782042917685143 0.19564799064175631 0.016272492707469777 1.0000000000010001 0 0 0.00018120999839554841 0.0019069935144888639 0.00046880516829661545 0 0 0 -0.19414089665742429 0.0096616390374282268 -0.00092919761121579292 0 1.0000000000010001 0 -0.0018351735200927699 0.00054482835604163782 -0.00052414893259022932 0 0 0 -0.032203075400749626 0.014610785900592838 0.00092621263436676315 0 0 1.0000000000010001 -0.0015434656504276223 0.00096937836230326369 9.2974974941206767e-05 0 0 0 -0.0029292208103548489 0.0012128481274853442 -0.049601515589303702 0 0 0 1.0007257415234339 -0.0010243564885215051 0.00067005898052308055 0 0 0 -0.0071179263871901099 -0.0010294371188823703 0.0014946099080592745 0 0 0 -0.0034826376504870638 0.99945539025481089 -0.0059569245092205847 0 0 0 0.051106468945683048 -0.00091756996445369055 -0.0036760755550702129 0 0 0 -0.005345753090191252 0.0056328822717333082 0.99976155837344649
4.0985702446555914e-05 -4.083624606000813e-06 -5.0813162975836422e-06 8.4431456687337403e-06 0.00014085749038515727 -1.5695260846201875e-06 4.0985702245283084e-05 -4.083624606000813e-06 -5.0813162946445023e-06 8.443145616093819e-06 0.00014085749038515727 -1.5695260846201875e-06 4.0243877667321616e-06 3.5834928991188009e-05 -5.3850973293245257e-06 -7.0710080533443323e-05 1.6274721587744567e-05 1.388840214708309e-05 4.0243878108442432e-06 3.5834928991188009e-05 -5.3850973252900824e-06 -7.0710080538882006e-05 1.6274721587744567e-05 1.388840214708309e-05 3.8548480751338379e-06 5.7016058541137227e-06 3.0468232448878698e-05 -1.1653287258164253e-05 -2.2551960299210805e-06 2.2861712523081223e-06 3.8548608749522373e-06 5.7016058541137227e-06 3.0468232089451902e-05 -1.1653285464127412e-05 -2.2551960299210805e-06 2.2861712523081223e-06 -7.0048178305606341e-06 -7.2491471159175092e-05 9.7994479690082823e-07 0.00098417082669817815 -9.5781785280912857e-05 -5.043172823793185e-05 -7.0048272737821549e-06 -7.2491471159175092e-05 9.7994496414720689e-07 0.00098417082532113449 -9.5781785280912857e-05 -5.043172823793185e-05 0.00013914463514693188 -5.032460559384333e-06 -2.1292365021479448e-05 4.8580810050121157e-05 0.0019040545251591823 -0.00013255126163347342 0.00013914464025432949 -5.032460559384333e-06 -2.1292365104878228e-05 4.858080921599771e-05 0.0019040545251591823 -0.00013255126163347342 1.1494664435751873e-05 9.9622810001420703e-06 -1.7458316805321559e-06 0.00010313639709447401 0.00015530043917522107 0.0015652506929475507 1.1494666329880943e-05 9.9622810001420703e-06 -1.7458318487943545e-06 0.00010313639691685939 0.00015530043917522107 0.0015652506929475507 0.0041022479390495394 -0.00041291973312818087 -0.00051138415540877031 0.00085945794226782485 0.014145520740860285 -0.00015532794495065616 0.0041022479371766174 -0.00041291973312818087 -0.0005113841554847526 0.00085945794294031241 0.014145520740860285 -0.00015532794495065616 0.00040743358264213589 0.0035843729789819534 -0.00054350288929495946 -0.0070987121741095211 0.0016626509058426109 0.0013777121804503523 0.00040743358339923041 0.0035843729789819534 -0.00054350288909984633 -0.0070987121744514967 0.0016626509058426109 0.0013777121804503523 0.00039268935272151459 0.00057649060178355249 0.0030451684157465683 -0.0011978247677930506 -0.00017512491456983525 0.00023220974448845411 0.00039268935325686982 0.00057649060178355249 0.0030451684147401871 -0.0011978247656790303 -0.00017512491456983525 0.00023220974448845411 -0.001534808466323424 -0.0072489118874141667 0.00022562790095664257 0.097120915133572475 -0.020983404153129825 -0.013494987127771196 -0.0015348084747568436 -0.0072489118874141667 0.00022562790130172756 0.097120915131161806 -0.020983404153129825 -0.013494987127771196 0.013691652827146818 -0.00093027630043707177 -0.0020956912405724012 0.0086289634588665419 0.18737389942402594 -0.026800096225576553 0.013691652839264989 -0.00093027630043707177 -0.0020956912400660853 0.0086289634588904828 0.18737389942402594 -0.026800096225576553 0.0022270806562936299 0.00048475878866582889 -0.00034008052354585579 0.016924265850350662 0.03027801973032318 0.15399070946164883 0.0022270806587787462 0.00048475878866582889 -0.00034008052360820403 0.016924265848870069 0.03027801973032318 0.15399070946164883
