PHASE27_WHEEL_INTERACTION_GOLDEN_V1 4
equilibrium
-0.077378152000000006 8.0999999999999997e-07 0.31543998403249462 1 0 0 0 0 0 0 0 0 0 -0.97199891583533837 1.6393957458903228 0 -0.98339093564557467 1.6394010277077622 0 -0 -0 -0 -0 -0 -0
-0.0095736494956501217 0 -0.012740695843911437 0
-0.34310000000000002 -0 -0 -0 0.09120839389636147 0.075383986740039335 -0.095420865904361496 -0.060609999924942905 1.1779809089135669e-05 -0 -0 -0 -0 -0.34310000000000002 -0 -0.09120839389636147 -0 0.0032448603487869529 -7.1122092659402601e-19 1.0616260053931327e-17 1.3275644973533176e-20 -0 -0 -0 -0 -0 -0.34310000000000002 -0.075383986740039335 -0.0032448603487869529 -0 0.0032030542999869544 -0.047811384822953391 -3.9858793170604673e-05 -0 -0 -0 -0 1.1779809089135669e-05 -0.0025441346510393127 -0.00080175126905406024 -2.4061094873600653e-05 -1.1294321848379252e-07 2.3751097154640825e-05 -0.0003545281283656393 -2.9555854518786751e-07 -0 -0 -0 -1.1779809089135669e-05 -0 3.9858793170604673e-05 8.7575480496847742e-06 -0.0004202291293187065 2.5881928655656777e-06 0.00042008935730647928 0.00042721101085699134 0.00042374262734327884 -0 -0 -0 0.0025441346510393127 -3.9858793170604673e-05 -0 -1.0597445323725704e-05 -0.00067632304102994978 -0.00080448627290889306 0.00070755911215232244 0.00044943165551890828 -8.7348937587454982e-08 -0 -0 -0
1.0000000000000044 -1.8474805019152996e-16 0 0 0 0 1.8474805019152996e-16 1.0000000000000044 0 0 0 0 0 0 1 0 0 0 9.2310594703434867e-18 0.049965666543022272 0.0075000005914768464 1.0000000000000044 -1.8474805019152996e-16 0 -0.049965666543022272 9.2310594703434867e-18 -0.00011617252454271254 1.8474805019152996e-16 1.0000000000000044 0 -0.0075000005914768793 0.00011617252454271444 0 0 0 1
-0 -0 -3.3658110000000003 -0.024957960926695659 0.00039101476100363188 -0
-0.34310000000000002 -0 -0 -0 0.091212215830796292 -0.075384542561505771 -0 -0 -0 -0.095424687838796277 -0.061197225610163115 -3.5425781351117054e-05 -0 -0.34310000000000002 -0 -0.091212215830796292 -0 0.0043921445088118197 -0 -0 -0 -9.6596918464349385e-19 1.3845958672862683e-17 -4.6211400852157307e-21 -0 -0 -0.34310000000000002 0.075384542561505771 -0.0043921445088118197 -0 -0 -0 -0 0.0043503384600118208 -0.047057347917150896 2.0811764765804427e-05 -0 -3.5425781351114669e-05 0.0025441346505057903 -0.00081430386405772701 3.2568367924502724e-05 4.5781711641581231e-07 -0 -0 -0 -3.2258370205607904e-05 0.00034893683881355312 -1.5432215645251719e-07 3.5425781351114669e-05 -0 -2.0811764765804427e-05 4.5726766737622558e-06 -0.00043342185721701945 7.7836092160818478e-06 -0 -0 -0 0.0004338542677522852 0.00042720192362768344 0.00042374250957093879 -0.0025441346505057903 2.0811764765804427e-05 -0 5.5370710616406651e-06 0.0006763513810683229 -0.00080513464835692879 -0 -0 -0 -0.0007075874521841447 -0.00045378601629156599 -2.6268714035727482e-07
1.0000000000000038 6.0715321659188248e-18 0 0 0 0 -6.0715321659188248e-18 1.0000000000000038 0 0 0 0 0 0 1 0 0 0 -3.0420350649173285e-19 0.050103252058732672 -0.0075000005899218125 1.0000000000000038 6.0715321659188248e-18 0 -0.050103252058732672 -3.0420350649173285e-19 6.0658014473344291e-05 -6.0715321659188248e-18 1.0000000000000038 0 0.0075000005899218411 -6.0658014473344473e-05 0 0 0 1
-0 -0 -3.3658110000000003 0.024957960921461804 -0.00020416341235254145 -0
positive_3d
-0.07602074388750403 -0.00027132124905160935 0.31236232614210058 0.99923759689611602 0.02999237558138514 -0.01999491705425676 0.01499618779069257 0.13000000000000003 -0.080000000000000002 0.050000000000000003 0.17999999999999994 -0.12 0.090000000000000011 -0.85199891583533838 1.4593957458903228 0.25 -1.0733909356455746 1.7794010277077623 -0.20000000000000001 0.22 -0.17000000000000001 0.31 -0.19 0.14999999999999999 -0.27000000000000002
-0.0072038993750238459 0.035312534983565486 -0.012362594736299347 -0.023166161006181438
-0.3426713429671342 -0.0098710278896730341 -0.014018684585295716 -0.0060555536841228998 0.095025161993742419 0.081110940343127491 -0.10402574932561065 -0.063358169848678939 1.9095510047688386e-05 -0 -0 -0 0.010694049392775438 -0.34232841734084152 -0.020359321906672872 -0.099783674638906292 -0.0030190359777995659 -0.0016498455675433557 4.7670122765802121e-18 1.5746345266857758e-17 1.0998851079527746e-20 -0 -0 -0 0.013401418457968913 0.020770832658224072 -0.34220839337163911 -0.075213916446844511 -0.0045980719928645107 -0.0032245817854115247 0.0023929350447980968 -0.044087355065663483 -3.6916781972588465e-05 -0 -0 -0 9.8778212603806828e-05 0.00017307120614885554 -0.0025363901481120481 -0.00079775945102819395 -4.1001550353850027e-05 -3.3871084576784332e-05 1.7743949184369496e-05 -0.00032691392508081541 -2.7374311926920618e-07 -0 -0 -0 -2.051361502775972e-05 -2.7842745930667392e-06 3.6040625808618679e-05 2.0963254477729127e-05 -0.0004170012224394042 -2.0283048932404934e-05 0.00041769048018476681 0.00042495504127059618 0.00042374262734327846 -0 -0 -0 0.0025421067544468025 3.6361295684928344e-05 0.00010175989672836786 4.3765330118914415e-05 -0.00069006453928479965 -0.00084686942611250529 0.00077136553033988625 0.00046980972118466333 -1.4159588688886984e-07 -0 -0 -0
0.99916197489916259 -0.0024288186887715386 0.040858888327880254 0 0 0 -4.9268875845846102e-16 0.99823786978945506 0.059339323540288168 0 0 0 -0.040931014104382123 -0.059289595697694708 0.99740132139795712 0 0 0 -0.00030698262999263767 0.049369836325119189 0.010441687706909633 0.99916197489916259 -0.0024288186887715386 0.040858888327880254 -0.049939986741898847 6.2442481665147875e-06 -0.00010504408571443482 -4.9268875845846102e-16 0.99823786978945506 0.059339323540288168 -0.0074937154027248931 -0.0019173201436467771 -0.00042149784441209901 -0.040931014104382123 -0.059289595697694708 0.99740132139795712
-0.1383899038882454 -0.20286561641134881 -3.3659124191152809 -0.024963072041941946 0.00035446218805876783 0.0010356507124918083
-0.3426713429671342 -0.0098710278896730341 -0.014018684585295716 0.00032568298057132519 0.08839510187051651 -0.070202930540327335 -0 -0 -0 -0.088232840391775702 -0.058764354110309405 -3.191791675318078e-05 0.010694049392775438 -0.34232841734084152 -0.020359321906672872 -0.084082083162214161 -0.0026756236578359782 0.00082340963414106116 -0 -0 -0 3.8257345730570938e-18 2.0320579364699511e-17 -3.4845370398767709e-19 0.013401418457968913 0.020770832658224072 -0.34220839337163911 0.075423372375708717 -0.0020890590678927664 0.0028268993313531987 -0 -0 -0 0.0042256722389120687 -0.050050268154085864 2.5872033687762146e-05 -9.8378552277975887e-05 -0.00018586477706960004 0.0025356292746398553 -0.00081268730871887141 8.1668523832282646e-06 -3.0925611971017135e-05 -0 -0 -0 -3.1333952680549574e-05 0.00037112976239555916 -1.918447606646786e-07 3.2888596177020004e-05 2.4845419082116702e-06 -2.4500669991150768e-05 1.8864563156963246e-05 -0.0004311654154815539 -1.8400294545944719e-05 -0 -0 -0 0.00043226436055754142 0.00042543019661042117 0.00042374250957093879 -0.0025417625012654861 -4.7381205900627256e-05 -0.0001024152845984633 1.8366221218516121e-05 0.00067054947686915147 -0.00076587036673067749 -0 -0 -0 -0.00065425889406372335 -0.00043574593269201544 -2.3667583207142287e-07
0.99916197489916236 -0.0024288186887718678 0.040858888327880254 0 0 0 -1.6381691083185859e-16 0.99823786978945483 0.059339323540288168 0 0 0 -0.040931014104382137 -0.059289595697694687 0.99740132139795712 0 0 0 0.00030698262992895619 0.05040760217411621 -0.004510510493677039 0.99916197489916236 -0.0024288186887718678 0.040858888327880254 -0.050096036541281343 -4.244883662228433e-06 7.1409705599389403e-05 -1.6381691083185859e-16 0.99823786978945483 0.059339323540288168 0.0074937154011711655 -0.0021364343667818787 0.00018052617043462046 -0.040931014104382137 -0.059289595697694687 0.99740132139795712
-0.13777204104163901 -0.19935087699101681 -3.3609923891104097 0.024913587485549324 -0.00024062503159886944 -0.0010263693375948183
negative_3d
-0.078731778794295063 0.00120652657311198 0.31892394361834586 0.99928133609613479 -0.02499401084715323 0.022494609762437907 -0.017495807593007263 -0.11 0.070000000000000021 -0.039999999999999994 -0.16 0.10000000000000001 -0.080000000000000016 -1.0819989158353382 1.7993957458903229 -0.22 -0.88339093564557469 1.5094010277077623 0.17999999999999999 -0.20000000000000001 0.14000000000000001 -0.28999999999999998 0.17999999999999999 -0.13 0.25
-0.011156357808950723 -0.027075328011122949 -0.0074416388930302561 0.029674385438310549
-0.34254272960218629 0.012382797745407478 0.015124639390075719 0.0062618585900243917 0.086493140201223659 0.07100513570178757 -0.087153764583392371 -0.05815357051307387 4.8665961357709509e-06 -0 -0 -0 -0.01161119257920386 -0.34246128239019813 0.017408626325750791 -0.082633038101301404 0.0031795899644901445 0.0074341499147444739 1.8573659110628808e-18 7.5371611259679479e-18 2.1347608852266873e-19 -0 -0 -0 -0.015724776741567425 -0.016868502709408258 -0.34232410813842862 -0.075389688164996152 -0.0010587421743966075 0.0035152225088445105 0.0037446631603013933 -0.050782927407677043 -4.1277155149604249e-05 -0 -0 -0 -0.00011643673099137557 -0.00012022477849205257 -0.0025386282312874066 -0.00080335343692962435 9.7902234216512273e-07 3.680205947392402e-05 2.7767202863868062e-05 -0.00037656253366098773 -3.0607589831664802e-07 -0 -0 -0 -2.9668990817992441e-06 2.20503025105115e-06 4.1398341109561481e-05 -5.1814427180990675e-06 -0.00042159455040836278 2.2084361237239652e-05 0.00042205087944620573 0.00042902224653512412 0.00042374262734327879 -0 -0 -0 0.002538605511060759 -0.00013302049637672751 -0.00011005695303694594 -6.764110642879324e-05 -0.00065306501876642525 -0.00077094315368505129 0.00064625739564305154 0.00043121688669183617 -3.6086493330170119e-08 -0 -0 -0
0.99902539231889964 -0.00223958657513429 -0.044082306587221565 0 0 0 3.3853327767089447e-17 0.99871193623108212 -0.050739219836055935 0 0 0 0.044139160640833855 0.050689769002670679 0.99773858390681613 0 0 0 0.0003310437309135461 0.050252936571392529 0.0049492712141223066 0.99902539231889964 -0.00223958657513429 -0.044082306587221565 -0.049991139859715011 -6.1300746808291619e-06 -0.00012065969428610276 3.3853327767089447e-17 0.99871193623108212 -0.050739219836055935 -0.0074926910332921088 0.0023410637530000525 0.00021253373950938704 0.044139160640833855 0.050689769002670679 0.99773858390681613
0.14704823699568087 0.1684471323728336 -3.3636597111955324 -0.024958035178419862 0.00040675554893885847 -0.0010436175712190826
-0.34254272960218629 0.012382797745407478 0.015124639390075719 -0.0001533326693509189 0.093672851589628778 -0.080164223112794988 -0 -0 -0 -0.10177322254791024 -0.062584550090583224 -3.8138059273334491e-05 -0.01161119257920386 -0.34246128239019813 0.017408626325750791 -0.097284571667680425 0.0036473388711197523 0.0068634048580704281 -0 -0 -0 2.3078134095837896e-18 6.4791454498677676e-18 3.0152094344777721e-19 -0.015724776741567425 -0.016868502709408258 -0.34232410813842862 0.075175177819257172 -0.0052844270283471072 -0.0031928003026539167 -0 -0 -0 0.0025267043638733874 -0.045207113211275213 1.5284108474707981e-05 0.00011531075788070312 8.7015253740984868e-05 0.0025403163988374985 -0.00081374884802058679 4.8465026902317082e-05 3.5279310728547987e-05 -0 -0 -0 -1.8735867454720125e-05 0.00033521708880834513 -1.1333380930519832e-07 3.7375621485759855e-05 -2.1278807916080365e-06 -1.6930758367361278e-05 -1.0974250570033398e-05 -0.00043359658053084552 3.0268720898586054e-05 -0 -0 -0 0.00043516298028506217 0.00042868047151574764 0.00042374250957093835 -0.0025394851673939253 0.00010707583853901202 0.00011137581992287368 -8.0708014937644143e-06 0.00068234610514874086 -0.00084005912537296124 -0 -0 -0 -0.00075466272800284282 -0.00046407322201039901 -2.8279906179030355e-07
0.99902539231889875 -0.0022395865751343967 -0.044082306587221565 0 0 0 1.4461728025997687e-16 0.99871193623108123 -0.050739219836055935 0 0 0 0.04413916064083382 0.05068976900267063 0.99773858390681613 0 0 0 -0.00033104373084490087 0.049617769990080531 -0.010023168451171906 0.99902539231889875 -0.0022395865751343967 -0.044082306587221565 -0.050109082663680221 2.5070283111260188e-06 4.9346424853866143e-05 1.4461728025997687e-16 0.99871193623108123 -0.050739219836055935 0.0074926910317386292 0.0021428287127009229 -0.00044033636929307658 0.04413916064083382 0.05068976900267063 0.99773858390681613
0.14823913204479408 0.17121444131339777 -3.3616362901998111 0.024955051022128284 -0.0001662292751435992 0.0010740693080304859
near_chart_boundary
-0.071947734519660897 -0.002197053732161852 0.30473018345779718 0.99171147531536075 0.089751206588334978 -0.069806494013149423 0.059834137725556645 0.040000000000000001 0.029999999999999995 -0.02 0.25 -0.20999999999999994 0.16999999999999998 -0.67199891583533833 1.2893957458903227 0.40000000000000002 -1.2633909356455746 1.9594010277077623 -0.38 0.11 -0.089999999999999997 0.16 -0.10000000000000001 0.080000000000000002 -0.14999999999999999
0.018045907793557824 0.019164032872259436 -0.027455765978024731 -0.008899368911362851
-0.33729950292424593 -0.036418681574586304 -0.051189207450648526 -0.02367054061158206 0.090488468147785037 0.091593347662371871 -0.11124075443724844 -0.062908866356725032 2.4733124006901588e-05 -0 -0 -0 0.045017065475115935 -0.33511578637807971 -0.058210682320433471 -0.10442382449217626 -0.010200487003284086 -0.022032209032038612 -5.2772354206823952e-18 1.3873014383210123e-17 1.7272538204104868e-18 -0 -0 -0 0.043819164107337417 0.063942938254119883 -0.33422865153119957 -0.074926290922987443 -0.0019216119755136928 -0.010190870645598111 -0.0062667600047322733 -0.044715400862856094 -3.3402991962582967e-05 -0 -0 -0 0.00032168009653812837 0.00049830342524842628 -0.0024741561110647294 -0.00078979986401201817 -3.9613243293983215e-05 -0.00011067260674153569 -4.6468904919226598e-05 -0.00033157097280765122 -2.4768787321591243e-07 -0 -0 -0 -2.858105980699094e-05 -8.8505777327855787e-06 2.8849221641124038e-05 6.1185481838523838e-05 -0.00040716673390706992 -6.4296878993032924e-05 0.00041632866544486955 0.00042355599923367697 0.00042374262734327873 -0 -0 -0 0.0025055058520668974 0.00023742395750553705 0.00037390797283808926 0.00019674984976814587 -0.00062615366065313382 -0.00092084962038206674 0.00082486580580460017 0.00046647807273606835 -1.8339958558543719e-07 -0 -0 -0
0.98847396279462652 -0.025685139853961422 0.14919617444082928 0 0 0 8.2280085563974928e-18 0.9855024869496386 0.16966098024026077 0 0 0 -0.15139096696004062 -0.16770546146971138 0.97414354861906027 0 0 0 -0.0011354323417445706 0.047378344239524486 0.015679119876485008 0.98847396279462652 -0.025685139853961422 0.14919617444082928 -0.049914004778921918 1.4475635186276906e-05 -8.4084003617384702e-05 8.2280085563974928e-18 0.9855024869496386 0.16966098024026077 -0.0074135553056192465 -0.0071712251516762278 -0.0023867108014936642 -0.15139096696004062 -0.16770546146971138 0.97414354861906027
-0.49502207728843345 -0.57159867199252823 -3.2909898346048942 -0.024381552724892831 0.00028471394776621872 0.0036432407482164713
-0.33729950292424593 -0.036418681574586304 -0.051189207450648526 -4.6362950360429053e-05 0.086065404384558591 -0.060925935604010953 -0 -0 -0 -0.077944394222312169 -0.059256710017849115 -2.6457365734687372e-05 0.045017065475115935 -0.33511578637807971 -0.058210682320433471 -0.073692503296680298 -0.0095878069734462827 -0.0017933954426010976 -0 -0 -0 -7.6282608707135726e-18 2.4272254384857383e-17 1.1161926314892076e-18 0.043819164107337417 0.063942938254119883 -0.33422865153119957 0.075350183260759721 -0.0012297982986945071 0.0096435332948763084 -0 -0 -0 0.0094097016874007278 -0.049454887399243627 3.1434429140440751e-05 -0.00032145386416817048 -0.00049998754238160731 0.0024738635740032995 -0.0008061531879696985 -1.7722577371126811e-05 -0.00010832422522607323 -0 -0 -0 -6.9774258565546456e-05 0.00036671493054292551 -2.3309070357062848e-07 3.0024735412763688e-05 8.6667214793777073e-06 -2.6674308598286152e-05 6.2504341135558248e-05 -0.00042062628205579052 -6.6310042197423595e-05 -0 -0 -0 0.00043061019779680991 0.00042377603384968949 0.00042374250957093884 -0.0025052475626427873 -0.00023934671022703884 -0.00037424196105655962 3.7820065080325264e-05 0.00068489175607796941 -0.00069113694116564582 -0 -0 -0 -0.00057796862184105932 -0.00043939682084343705 -1.9618507993777305e-07
0.98847396279462629 -0.025685139853961609 0.14919617444082928 0 0 0 1.9928756475425013e-16 0.98550248694963827 0.16966098024026077 0 0 0 -0.15139096696004059 -0.16770546146971127 0.97414354861906027 0 0 0 0.00113543234150914 0.050040963243837361 0.0010922788996364254 0.98847396279462629 -0.025685139853961609 0.14919617444082928 -0.050090094158485435 -1.3384331990582656e-05 7.7744997371869304e-05 1.9928756475425013e-16 0.98550248694963827 0.16966098024026077 0.0074135553040819936 -0.0077427378955235203 -0.00018082974112059355 -0.15139096696004059 -0.16770546146971127 0.97414354861906027
-0.50213278228160518 -0.57762534158184498 -3.2878217314906384 0.024341140631513214 -0.00026250629825665713 -0.0036791366260398432
