PHASE27_WHEEL_AWARE_MODEL_GOLDEN_V1 6
equilibrium
0 0 0
-0.077378152000000006 8.0999999999999997e-07 0.31543998403249462 0 0 0 0 0 0 0 0 0 -0.0095736494956501217 -0.012740695843911437 0 0
0 0 27.675229491866027 0.11327183296816838 0 0 0 0 28.714612508133982 0.11327183296816838 0 0
0 0 0 0 0 0 -9.8688867661400458e-20 2.6941816322362534e-17 7.7740161678022571e-20 -5.4520126771547236e-16 -1.9046201059424135e-18 -3.2047408269349654e-17 0 0 -0 -0
-0.077378152000000006 8.1000000000000537e-07 0.31543998403249462 -1.0904025354309449e-19 -3.809240211884827e-22 -6.4094816538699308e-21 -1.9986897842137358e-21 5.4596755902896904e-19 1.5548032335604514e-21 -1.0904025354309448e-17 -3.8092402118848269e-20 -6.4094816538699312e-19 -0.0095736494956501217 -0.012740695843911437 0 0
0 0 0 0 0 0 1 0 0 0 0 0 0 0 0 0 0 0 0 0 0 0 0 1 0 0 0 0 0 0 0 0 0 0 0 0 0 0 0 0 1 0 0 0 0 0 0 0 0 0 0 0 0 0 0 0 0 1 0 0 0 0 0 0 0 0 0 0 0 0 0 0 0 0 1 0 0 0 0 0 0 0 0 0 0 0 0 0 0 0 0 1 0 0 0 0 0 0 0 -5.6070902460924068e-16 9.8100000000352559 5.8465198218727057e-16 0 0 0 0 0 0 -18.392587002429856 -19.083347039710418 0 0 0 0 0 -9.8099999999982117 -8.5753421573698611e-14 -1.5307871966232661e-13 0 0 0 0 0 0 0.042752621755102908 0.04435825790587905 0 0 0 0 0 4.6877391600888447e-16 -8.2417831197137309e-12 -4.5310225392210223e-16 0 0 0 0 0 0 4.1089441661830532 4.2632614694009963 0 0 0 0 0 -3.0977789306235554e-12 1.3851449979783423e-12 3.0977383065424379e-12 0 0 0 0 0 0 -0.69058424030021626 -0.71652012389897957 0 0 0 0 0 -1.078668065338455e-14 7.3675464656638289e-10 1.1292199679913722e-14 0 0 0 0 0 0 -367.31095412493949 -381.10584487801208 0 0 0 0 0 -1.8321763321745618e-13 -1.4648338041593397e-12 1.8208552063352145e-13 0 0 0 0 0 0 0.73057102860791423 0.75800867350749435 0 0 0 0 0 0 0 0 0 0 0 0 0 0 0 0 1 0 0 0 0 0 0 0 0 0 0 0 0 0 0 0 0 1 0 0 0 0 0 0 0 0 0 0 0 0 0 0 0 0 0 0 0 0 0 0 0 0 0 0 0 0 0 0 0 0
0 0 0 0 0 0 0 0 0 0 0 0 0 0 0 0 0 0 0 0 0 0 0 0 0 0 0 0 0 0 0 0 0 0 0 0 0 0 0 0 0 0 0 0 0 0 0 0 0 0 0 0 0 0 0 0 0 0 0 0 0 0 0 0 0 0 0 0 0 0 0 0 0.030598360287349816 0.00027866354852943413 -0.00079742540888957513 0.0012929604296367256 0.66458661195187496 -0.0002189101373961279 0.030589445485924828 0.0002791933568775187 0.00075836019571597275 0.0012929604296367256 0.66458661195187496 -0.0002189101373961279 -0.020497771131740714 0.097954984877972773 -0.074897277023122003 -0.3529749933586509 -0.0015447973708391446 0.098169450993896901 0.021184782426530914 0.097688710097026857 0.074971012691841962 -0.3529749933586509 -0.0015447973708391446 0.098169450993896901 0.031985918762012108 -0.00021938353946312643 0.17399082018612624 -0.0010185034566219703 -0.14847010275075803 0.0002518369413387252 0.032074075248950354 -0.00022005233262402746 0.17395306504166533 -0.0010185034566219703 -0.14847010275075803 0.0002518369413387252 -0.09447840977481084 1.5420890424557447 1.5156500200471161 7.1428893860902676 0.024953153162621863 0.41986529728009669 0.083799550681385546 1.5398561168873242 -1.5171417850844908 7.1428893860902676 0.024953153162621863 0.41986529728009669 -2.8584935828619034 0.0053422356199276056 -0.016109256158963397 0.02495315316539222 13.272191807626337 -0.026398011580134158 -2.868023960533602 0.0054226841094957992 0.01532928161558714 0.02495315316539222 13.272191807626337 -0.026398011580134158 -2.2553060420686699 0.10778941572859517 0.089136174155552694 0.41986529733878469 -0.026398011580893253 10.655271858859447 2.2689190512751471 0.073990585439200396 -0.089222234796609859 0.41986529733878469 -0.026398011580893253 10.655271858859447 0 0 0 0 0 0 0 0 0 0 0 0 0 0 0 0 0 0 0 0 0 0 0 0 -2.1248252542538903 0 0 0 -39.017155027668544 0 -0.17396750287046378 0 0 0 0 0 -0.17396750287046378 0 0 0 0 0 -2.1248252542538903 0 0 0 -39.017155027668544 0
1.0000000000010001 0 0 0 0.0019620000069053845 0 0.019999999989472883 0 0 0 1.3079995420106627e-05 0 -0.0037025395319134624 -0.0038415937306246484 -2.4613533433637258e-05 -2.5537919001727971e-05 0 1 0 -0.0019619999999996307 0 -5.2939559203393771e-17 0 0.019999999999999969 0 -1.3080000000013773e-05 0 0 8.5956885603324508e-06 8.9185119972745179e-06 5.7172861525972497e-08 5.9320070459625244e-08 0 0 0.99999999997324451 0 0 0 0 0 0.019999999989472883 0 0 0 0.00082178883142880466 0.00085265228211284239 5.47861755961776e-06 5.6843418860808015e-06 0 0 0 0.99999999999999933 2.7703232772150042e-16 6.1954746976397483e-16 0 0 0 0.020000000000000056 4.6170947945645468e-17 -1.5494898500347194e-16 -0.00013811684805987743 -0.00014330402477965863 -9.2077898730797604e-07 -9.5536016525052166e-07 0 0 0 -1.8000249433514749e-18 1.0000000000001472 2.3132698362038686e-18 0 0 0 1.758531241331327e-19 0.020000000000024557 -5.3958407008157536e-19 -0.073462190825037008 -0.07622116897563927 -0.00048974793896144799 -0.00050814112658653231 0 0 0 -3.0498538633412707e-17 -2.9302173002985401e-16 1 0 0 0 2.9173767799120907e-18 -4.8846399992202759e-17 0.01999999999999999 0.00014611420572169573 0.00015160173470158428 9.7409470506552909e-07 1.0106782315135184e-06 0 0 0 -6.6743166318126434e-18 0.19620000000071477 1.1840741615558785e-17 1 0 0 -1.8390426965484625e-18 0.0019620000001241678 -9.7244683375534161e-19 -0.37265616732867574 -0.38665180524546067 -0.0037025395375191437 -0.0038415937305153118 0 0 0 -0.19619999999996549 -1.7331870388086629e-15 -3.1020928102961165e-15 0 1 0 -0.0019619999999994854 -2.8815055160274296e-16 2.6711878593154534e-16 0.00086408527696418347 0.00089653724133772518 8.5956885618046619e-06 8.9185119977556614e-06 0 0 0 5.6935814953273065e-18 -1.6483566239654654e-13 -9.0620450784420785e-18 0 0 1 1.5279364042830729e-18 -2.7470244200653936e-14 7.3572666434136941e-19 0.082178883323688334 0.085265229388074626 0.00082178883337617086 0.0008526522939499788 0 0 0 -3.6140680099001957e-14 2.7702897933601881e-14 6.1954766130848387e-14 0 0 0 0.99999999999998967 4.6167075966847305e-15 -5.1794935249793968e-15 -0.013811684805983104 -0.014330402477968148 -0.00013811684808349894 -0.00014330402478636087 0 0 0 -1.255822046793564e-16 1.4735092931455036e-11 2.2584399359827169e-16 0 0 0 -3.7052909919770824e-17 1.0000000000024558 -1.7710918920369578e-17 -7.3462190825012472 -7.6221168975651548 -0.073462190837463623 -0.076221168981840268 0 0 0 -2.1356746413771364e-15 -2.9296727497215029e-14 3.6417104126705274e-15 0 0 0 -6.3191328245547615e-16 -4.8844461653690108e-15 0.99999999999999978 0.01461142057216468 0.015160173470160862 0.0001461142057463967 0.00015160173471420927 0 0 0 0 0 0 0 0 0 0 0 0 0.99999999999926537 0 0.019999999999881224 0 0 0 0 0 0 0 0 0 0 0 0 0 0 0.99999999999926537 0 0.019999999999881224 0 0 0 0 0 0 0 0 0 0 0 0 0 0 1 0 0 0 0 0 0 0 0 0 0 0 0 0 0 0 0 1
6.2159721814225577e-06 5.6094018319186034e-08 -1.6053872335194185e-07 2.6022239918432888e-07 0.00013857927305682693 -4.5505266221823604e-08 6.2225780084190774e-06 5.6191162833840735e-08 1.5267464143027297e-07 2.6022239918432888e-07 0.00013875930959805771 -4.5505266221823604e-08 -4.0940334811756449e-06 1.9490144352227445e-05 -1.507857891593338e-05 -7.106214363758504e-05 -3.2173033753550361e-07 1.9606431008291101e-05 4.2307969348577779e-06 1.9437035429368583e-05 1.5093423611111638e-05 -7.106214363758504e-05 -3.2214867593790552e-07 1.9606431008291101e-05 6.3340444000914431e-06 -4.3909320623924941e-08 3.4798164829209087e-05 -2.0367041386748497e-07 -3.0762781211279844e-05 5.0404125317982107e-08 6.3496430335874265e-06 -4.4020342926387457e-08 3.479061188253643e-05 -2.0367041386748497e-07 -3.0802971284771274e-05 5.0404125317982107e-08 -1.8885068474658763e-05 0.00030841780849092607 0.00030313000400941371 0.0014285778772180604 5.1702615147353188e-06 8.3973059456398386e-05 1.6770860931269635e-05 0.00030797122337735609 -0.00030342835701689289 0.0014285778772180604 5.1770078107953918e-06 8.3973059456398386e-05 -0.00056605357243307269 1.0684471976597235e-06 -3.2218512348985287e-06 4.990630719032611e-06 0.0027499812175997597 -5.2796022791880182e-06 -0.00056778023569841883 1.0845368464571068e-06 3.0658563239727011e-06 4.990630719032611e-06 0.0027535694670194804 -5.2796022791880182e-06 -0.000451072436444682 2.1557883145551251e-05 1.7827234831116501e-05 8.3973059467576876e-05 -5.4696343363274241e-06 0.002131054371771835 0.00045377222537820223 1.4798117087782132e-05 -1.7844446959323462e-05 8.3973059467576876e-05 -5.4767712622572727e-06 0.002131054371771835 0.00063132033459785582 5.6431476632555338e-06 -1.6159217268498639e-05 2.6185596210472578e-05 0.014425682514179531 -4.7234884916344934e-06 0.00063282074624042208 5.6547959698756997e-06 1.5367710920076568e-05 2.6185596210472578e-05 0.014461749839822381 -4.7234884916344934e-06 -0.00040885144714027072 0.0019389291728853651 -0.001517770242724591 -0.007152928860342413 -3.3453057057257315e-05 0.0019578971817881537 0.00042246355940440998 0.0019336328839326463 0.0015192644683857299 -0.007152928860342413 -3.3536835044002694e-05 0.0019578971817881537 0.00062708843218033767 -4.3876708442023511e-06 0.0034798164037269921 -2.0370069214852453e-05 -0.0031831611368134151 5.036738771827318e-06 0.00062845016071367903 -4.4010466799493549e-06 0.0034790613008328281 -2.0370069214852453e-05 -0.0031911891665536529 5.036738771827318e-06 -0.001887445499410813 0.03084178084908799 0.030313000400941197 0.14285778772178825 0.00053498923971145873 0.0083973059456266576 0.0016781811726579914 0.030797122337725285 -0.030342835701689549 0.14285778772178825 0.00053633849891533008 0.0083973059456266576 -0.056040842824464705 0.0001068447173101235 -0.00032218512357859105 0.00049906307067528247 0.28455240738461607 -0.0005279602266909315 -0.056195567909364967 0.0001084536846456746 0.00030658563235450649 0.00049906307067528247 0.285270057258737 -0.0005279602266909315 -0.045108366447571865 0.0021557883145600096 0.0017827234831118261 0.0083973059467592186 -0.00056596663568272228 0.21310543717718011 0.045376064050098114 0.0014798117087776058 -0.0017844446959322717 0.0083973059467592186 -0.00056739402084854667 0.21310543717718011 -0.00042496505099631765 0 0 0 -0.0078034310055374867 0 -3.4793501413332706e-05 0 0 0 0 0 -3.4793501413332706e-05 0 0 0 0 0 -0.00042496505099631765 0 0 0 -0.0078034310055374867 0 -0.04249650508507781 0 0 0 -0.78034310055337097 0 -0.0034793500574092757 0 0 0 0 0 -0.0034793500574092757 0 0 0 0 0 -0.04249650508507781 0 0 0 -0.78034310055337097 0
common_mode
0 0 0
-0.077378152000000006 8.0999999999999997e-07 0.31543998403249462 0.029999999999999999 -0.025000000000000001 0.02 0.17999999999999999 -0.040000000000000001 0.029999999999999999 0.12 -0.089999999999999997 0.070000000000000007 0.01542635050434988 0.012259304156088564 0.080000000000000002 0.080000000000000002
2 -0.29999999999999999 28.475229491866028 0.16327183296816838 -0.12 0.029999999999999999 2 -0.29999999999999999 29.514612508133983 0.16327183296816838 -0.12 0.029999999999999999
0.17999999999999999 -0.040000000000000001 0.029999999999999999 0.11997387496390459 -0.090150666688056547 0.069850854194072443 -1.2568781301709322 -0.42213318635036562 0.62057594353701506 0.42123946649736127 -33.887154307570661 -0.48311603956698168 0.080000000000000002 0.080000000000000002 0.084473089071515295 0.084473089071515295
-0.07403749555040727 -0.0008857836619460286 0.31616318654439629 0.032417402126230954 -0.033664551706193216 0.021393150150962392 0.15353887070666372 -0.048768785954437774 0.042217848178236511 0.12917710789052578 -0.78010330927966232 0.058536691922707038 0.01704324512216418 0.013876198773902868 0.081689461781430314 0.081689461781430314
0 0 0 0 0 0 1.0000000000010001 0 0 0 0 0 0 0 0 0 0 0 0 0 0 0 0 1.0000000000010001 0 0 0 0 0 0 0 0 0 0 0 0 0 0 0 0 1.0000000000010001 0 0 0 0 0 0 0 0 0 0 0.00030417530300086426 -0.034724990237433584 -0.045225007960780772 0 0 0 0.99991458059334182 0.009937497991163724 0.012550001607380956 0 0 0 0 0 0 0 0.035200005750468666 0.00041668058586852297 -0.059845828827287395 0 0 0 -0.010062502005248053 0.99989166318925626 0.014958331996661745 0 0 0 0 0 0 0 0.044849996043427875 0.060141670497892985 0.00048751620795872697 0 0 0 -0.012449998393337935 -0.015041668001425368 0.99987291259096001 0 0 0 0 0 0 0 0.10854173693175539 10.434722914065553 0.26445693479537624 0 0 0 0.00068505912054206419 0.0016663068702627015 0.0013768309825579195 -19.019178758350463 -19.713427949707985 0 0 0 0 0 -10.444688557792459 0.086317977349148478 -1.1278201388353892 0 0 0 -0.0010238311309862524 0.0056708905904478968 -0.004940148345955464 -0.4845841796718986 -0.50119796943248751 0 0 0 0 0 -0.4088393312784433 1.2618596421654082 -0.013850755709032825 0 0 0 -0.010806680716957118 0.0089768076860785584 0.0019486384728040207 3.7462246514352593 3.8830014031376869 0 0 0 0 0 0.4230900273460847 0.024223750311191949 33.886561726897966 0 0 0 -0.0037531555363568003 -0.0036267271963374981 0.013070749149690641 6.9219802012743248 7.1763616772413386 0 0 0 0 0 0.48242090144867689 -0.0022861925685901952 0.42056295868064808 0 0 0 -0.057061104286049158 -0.0012893757173060294 -0.065101119162136456 -377.61765581834084 -391.40491988476356 0 0 0 0 0 -33.8796251340423 -0.073005883338694844 0.42292132274024397 0 0 0 -0.065660567094560918 0.077693935340850118 0.0050425292275058098 -13.703706516043912 -14.087211547358924 0 0 0 0 0 0 0 0 0 0 0 0 0 0 0 0 1.0000000000010001 0 0 0 0 0 0 0 0 0 0 0 0 0 0 0 0 1.0000000000010001 0 0 0 0 0 0 0 0 0 0 0 0 0 0 0 0 0 0 0 0 0 0 0 0 0 0 0 0 0 0 0 0
0 0 0 0 0 0 0 0 0 0 0 0 0 0 0 0 0 0 0 0 0 0 0 0 0 0 0 0 0 0 0 0 0 0 0 0 0 0 0 0 0 0 0 0 0 0 0 0 0 0 0 0 0 0 0 0 0 0 0 0 0 0 0 0 0 0 0 0 0 0 0 0 0.030210393409113578 -0.0017668748686361369 -0.020266245016458947 0.0085070261945929815 0.66794355924049142 -0.0022245831843292763 0.029350294084018458 -0.0017609054214773323 -0.021762920196363656 0.0085070261945929815 0.66794355924049142 -0.0022245831843292763 -0.020851416315803561 0.10035576911149313 -0.080525393847449764 -0.35268943038291312 0.015984280565817244 0.098093740713567357 0.020801207159526491 0.10008969797414835 0.06927716122744354 -0.35268943038291312 0.015984280565817244 0.098093740741322932 0.032125813204109122 0.0027801961288709265 0.17490038322946841 -0.011482648609728585 -0.13159417616703806 0.0031657085841629851 0.033453333520006012 0.0027716222095186538 0.17935915100434169 -0.011482648609728585 -0.13159417616703806 0.0031657085841629851 0.01948137728913224 1.5424556849830129 1.5191191119183312 7.1283536578758966 -0.24474276752450841 0.15708756762045084 0.086149811770463991 1.5410568267315572 -1.5083549623100283 7.1283536578758966 -0.24474276755226398 0.15708756764820642 -2.7902881871710861 0.023823812256296151 -0.32068064871883961 0.15237387174238393 13.264854100469847 -0.34036266782777602 -2.9331288864398175 0.024882485405441912 -0.34336818756311965 0.15237387174238393 13.264854100469847 -0.34036266782777602 -2.3409889770009684 0.41329309630189215 0.11769849637165977 0.60094478990246891 0.36897373303923509 10.656982633666656 2.1840125047078995 0.37946595127236193 -0.13629410444537107 0.60094478990246891 0.36897373315025739 10.656982633971968 0 0 0 0 0 0 0 0 0 0 0 0 0 0 0 0 0 0 0 0 0 0 0 0 -2.1248252542183099 0 0 0 -39.017155027742945 0 -0.17396750290332719 0 0 0 0 0 -0.17396750290332719 0 0 0 0 0 -2.1248252542183099 0 0 0 -39.017155027742945 0
1.0000000000010001 0 0 2.279629957024909e-05 0.0020861012847706029 5.3281969114582495e-05 0.020000000003350671 0 0 1.5053930324526732e-07 1.5118503671196493e-05 9.0329826951673908e-07 -0.003835561160348 -0.0039755688116538401 -2.5495570932232425e-05 -2.6426222321518367e-05 0 0.99999999999997014 0 -0.0020884954621833499 1.765745194374016e-05 -0.00023223238989397016 0 0.020000000000043854 0 -1.474000880120202e-05 1.103477660809038e-06 -5.3126530952241069e-06 -0.00010193957440327028 -0.00010545064355136496 -6.818068787502185e-07 -7.0528787888060607e-07 0 0 0.99999999997324451 -8.3414941620674199e-05 0.00026039684297707311 -3.5732528047560663e-06 0 0 0.019999999989472883 -2.8154700792981657e-06 8.1495921122609616e-06 4.4009240696141205e-07 0.00071712380478317073 0.00074330699928459865 4.7803427882797678e-06 4.954897603326458e-06 0 0 0 1.0000169701485095 -0.00065981894253885898 0.0025267240487403253 0 0 0 0.019994592901501074 0.00019841575257806277 0.00028255519451958477 0.00061544642993016652 0.00063854276727282056 4.1688076601875679e-06 4.325047264774895e-06 0 0 0 0.00068579535106305656 1.0000070214122303 -0.0011990988237065014 0 0 0 -0.00021300855870820534 0.019997967188462029 0.00028619346476022045 -0.075569388649499025 -0.078328189045961949 -0.0005037944644792347 -0.0005221864295135159 0 0 0 -0.0025320513394322397 0.0012208784573586318 1.0000213899342276 0 0 0 -0.00031685327452068979 -0.00028577828645182102 0.020001116238926864 -0.0016933334283375512 -0.0017317955854079248 -1.1321079490533847e-05 -1.1578666844758168e-05 0 0 0 0.002333382626007463 0.20851127938148473 0.0053498929175610499 1.0000000000010001 0 0 1.5877618664283943e-05 0.0022489930057156826 0.0001222488082985862 -0.38665722799924307 -0.40077117159642572 -0.0038392453799440673 -0.0039793875833415981 0 0 0 -0.20877287094239749 0.0017821089187686212 -0.023685791453176286 0 1.0000000000010001 0 -0.002199216496412415 0.00010852887338819173 -0.00075362865253891798 -0.010436510131800469 -0.010796932476547783 -0.00010395719701739026 -0.0001075434637176631 0 0 0 -0.008423117713735051 0.026569327429143419 -0.00040027168385359246 0 0 1.0000000000010001 -0.0003155792953346559 0.0011408355302111595 4.6209869264401959e-05 0.068823461860101354 0.07133633060651956 0.00069714743353155306 0.00072260151681713403 0 0 0 0.0093064486950122927 -0.00017236127802799928 0.69013989544008947 0 0 0 0.99959011105876794 -0.00021826102036826001 0.0081158406245451786 0.14421676475251388 0.1495150385166788 0.0014635920669858749 0.0015172917505745787 0 0 0 0.011469365568395062 -5.2613247092381243e-05 0.0091226831644419804 0 0 0 -0.00093635421638538219 0.99997252106520662 -0.001178299235959912 -7.5517118502954617 -7.8274379876064337 -0.075516301933920005 -0.078273538539619381 0 0 0 -0.68991654125771795 -0.0012057613275884282 0.0096892381722113452 0 0 0 -0.013044338324774696 0.0013539474749690861 1.0004715592162872 -0.28892606379962715 -0.29713784863855119 -0.0028982236610630707 -0.0029806695375778069 0 0 0 0 0 0 0 0 0 0 0 0 0.99999999999926537 0 0.019999999999881224 0 0 0 0 0 0 0 0 0 0 0 0 0 0 0.99999999999926537 0 0.019999999999881224 0 0 0 0 0 0 0 0 0 0 0 0 0 0 1.0000000000010001 0 0 0 0 0 0 0 0 0 0 0 0 0 0 0 0 1.0000000000010001
6.0890806286018062e-06 -3.5788039198791921e-07 -4.202324279070375e-06 1.7602794222248974e-06 0.00013966803408260731 -4.2595788007915303e-07 5.9343120695221074e-06 -3.5675629117548624e-07 -4.5231266515508198e-06 1.7602794222248974e-06 0.00013984929186916517 -4.2595788007915303e-07 -4.0902389439843867e-06 1.9944853386043293e-05 -1.6261729602737596e-05 -7.1109497901556545e-05 3.5111346881160077e-06 1.91644583232356e-05 4.0476464140039997e-06 1.989315011547213e-05 1.3942061552164847e-05 -7.1109497901556545e-05 3.5157177733294298e-06 1.91644583232356e-05 6.1827903907740733e-06 5.471734176865084e-07 3.49248259134395e-05 -2.4674429166537948e-06 -2.6124102880942246e-05 6.5600302967538937e-07 6.4564326107685588e-06 5.4542481642272378e-07 3.5892725249423228e-05 -2.4674429166537948e-06 -2.6158186727798238e-05 6.5600302967538937e-07 -7.4949092071507906e-06 0.00030954092414270384 0.00030343994614101066 0.001427156726130363 -2.3039636171118261e-05 5.7691157406836169e-05 1.6996412957603901e-05 0.00030917775631356115 -0.0003026011753830746 0.001427156726130363 -2.3070285265491819e-05 5.7691157406836169e-05 -0.00055885331085026024 2.7588036022319073e-06 -6.8325623607039075e-05 1.7600292750996616e-05 0.0027525504583958416 -3.8277016972676492e-05 -0.00057459070834653403 2.8778021632369644e-06 -6.7392519448093407e-05 1.7600292750996616e-05 0.0027561384702279312 -3.8277016972676492e-05 -0.00046026601974169523 7.9361689095391874e-05 2.0115943151799976e-05 9.9533940117746411e-05 3.921075270030272e-05 0.002132044828878632 0.00044500740245534409 7.2596817446424211e-05 -2.202897134570617e-05 9.9533940117746411e-05 3.9260907025440162e-05 0.002132044828878632 0.00061441967486031146 -3.5846367540948165e-05 -0.00043097712458118551 0.00017982138000860459 0.014574678353085346 -4.1137496187282352e-05 0.00060048669509038533 -3.5738814685437603e-05 -0.00046432346350147569 0.00017982138000860459 0.01461101752087135 -4.1137496187282352e-05 -0.00040049022778654297 0.0019815826896030231 -0.0016399862035659696 -0.0071675754324818097 0.00037376018252599508 0.001874260767420477 0.00039541127837272594 0.0019765531329707375 0.0014044645462110527 -0.0071675754324818097 0.00037469092759034872 0.001874260767420477 0.00059608360608587319 5.4051537551336182e-05 0.0034882212422264395 -0.00025615312301829896 -0.0026000640321321988 6.5992111081270011e-05 0.00062346515450339979 5.3874918415353079e-05 0.0035893270352951225 -0.00025615312301829896 -0.002606724124748494 6.5992111081270011e-05 0.00041515195448038611 0.030841635148548541 0.030383133597723291 0.14252558062921583 -0.0054810560812246223 0.0031207789824572174 0.0017388870343637564 0.030813729665069012 -0.030149372003928105 0.14252558062921583 -0.0054951184991214319 0.0031207789824572174 -0.054558677159421975 0.00046136250375639065 -0.0066257739593486914 0.0030524906491358195 0.28492143078207022 -0.0071965716164079652 -0.05754493828669105 0.00048376830319440955 -0.0070817116667428919 0.0030524906491358195 0.28563862453090394 -0.0071965716164079652 -0.04689601138495314 0.0083485100187130623 0.002245077982399527 0.011601206006267573 0.0086556512200741675 0.21317898852776795 0.043621860514389543 0.0076718953516408117 -0.0026557724136407027 0.011601206006267573 0.0086771386048623 0.21317898852429851 -0.00042496505099631765 0 0 0 -0.0078034310055374867 0 -3.479349967860923e-05 0 0 0 0 0 -3.4793500545970968e-05 0 0 0 0 0 -0.00042496505099631765 0 0 0 -0.0078034310055374867 0 -0.042496505078815083 0 0 0 -0.78034310055374867 0 -0.0034793500580665437 0 0 0 0 0 -0.0034793500580665437 0 0 0 0 0 -0.042496505078815083 0 0 0 -0.78034310055374867 0
differential_mode
0 0 0
-0.077378152000000006 8.0999999999999997e-07 0.31543998403249462 -0.040000000000000001 0.029999999999999999 -0.025000000000000001 -0.12 0.059999999999999998 -0.02 -0.16 0.11 -0.089999999999999997 -0.021573649495650122 -0.00074069584391143681 -0.070000000000000007 0.070000000000000007
1.7 0.40000000000000002 27.075229491866025 0.073271832968168388 0.089999999999999997 -0.02 -1.7 -0.40000000000000002 29.314612508133983 0.15327183296816838 -0.089999999999999997 0.02
-0.12 0.059999999999999998 -0.02 -0.16002316657117346 0.10980122923069054 -0.090201458409293847 0.28263524663007639 0.40646135061888905 -0.010258897480593016 -2.3736542950964212 -0.58959387248782713 -7.8118084495035127 -0.070000000000000007 0.070000000000000007 -6.8280021298419937 6.8280021298419937
-0.079720344122537201 0.0012842313776149999 0.31503784540085111 -0.043650952907769089 0.032097507224940029 -0.02837653362726815 -0.114159532144073 0.068455672114046018 -0.020217704553796043 -0.20767512180697428 0.097122355340212699 -0.24633525808959406 -0.024339249921618521 0.0020249045820569618 -0.20656004259683985 0.20656004259683985
0 0 0 0 0 0 1.0000000000010001 0 0 0 0 0 0 0 0 0 0 0 0 0 0 0 0 1.0000000000010001 0 0 0 0 0 0 0 0 0 0 0 0 0 0 0 0 1.0000000000010001 0 0 0 0 0 0 0 0 0 0 0.00046252164598303835 0.045433357742652447 0.054633312707164094 0 0 0 0.99987291005132484 -0.012600005205865017 -0.014916662322006502 0 0 0 0 0 0 0 -0.044666650940439201 0.00072087209812554676 0.08023334446827235 0 0 0 0.012399994794853875 0.99981457367392945 -0.020062503255924291 0 0 0 0 0 0 0 -0.055266678608556496 -0.079779156621218039 0.00080837665727973018 0 0 0 0.01508333767608061 0.019937496743838157 0.99979165581881579 0 0 0 0 0 0 0 -0.11795023674432414 9.8045254681156102 -0.21207333425476982 0 0 0 -0.0002207213578575562 -0.0030463769840061161 -0.0015260972208164247 -17.855682625994575 -19.334338685672581 0 0 0 0 0 -9.8014137843993598 -0.12698001250477375 0.13291697492645582 0 0 0 0.0022151684653248793 -0.0077357255601206987 0.0062995984262403937 0.7006183625757334 0.67686086835383463 0 0 0 0 0 0.41124421241468812 -0.27580899134710402 0.00034285065932115888 0 0 0 0.01370442915312603 -0.011035504216168335 -0.0029322173066351209 4.5422086885774444 4.9209785997223614 0 0 0 0 0 0.092074631696803522 -7.8176569668908513 0.43502577207199522 0 0 0 0.01138735195027607 -0.0027688853432294991 -0.013058778502994528 -9.1192817530671988 -10.49311507750339 0 0 0 0 0 7.8361428937911981 0.13783472441186717 -2.2457454209034999 0 0 0 0.084236154274108799 -0.0033976315094719212 0.083012944129823296 -358.74842264205233 -388.7410220355103 0 0 0 0 0 -0.60895431497343111 2.3733162537453723 0.028855938527527769 0 0 0 0.068796341956556262 -0.10780481707328704 -0.0079897204408041489 19.487156527109306 12.242716312726998 0 0 0 0 0 0 0 0 0 0 0 0 0 0 0 0 1.0000000000010001 0 0 0 0 0 0 0 0 0 0 0 0 0 0 0 0 1.0000000000010001 0 0 0 0 0 0 0 0 0 0 0 0 0 0 0 0 0 0 0 0 0 0 0 0 0 0 0 0 0 0 0 0
0 0 0 0 0 0 0 0 0 0 0 0 0 0 0 0 0 0 0 0 0 0 0 0 0 0 0 0 0 0 0 0 0 0 0 0 0 0 0 0 0 0 0 0 0 0 0 0 0 0 0 0 0 0 0 0 0 0 0 0 0 0 0 0 0 0 0 0 0 0 0 0 0.031050219846265166 0.0026344089687491135 0.010594827354230202 -0.0073471231876176546 0.65951632410854444 0.0021830056651239715 0.032060517296539359 0.0026808164299563231 -2.5257156848645453e-05 -0.0073471231876176546 0.65951632410854444 0.0021830056651239715 -0.019991109307164877 0.096653309605843063 -0.068195926400091811 -0.35265583078758489 -0.024427790235037605 0.098075840920808233 0.021648803974973128 0.098741111093092471 0.082050642346939817 -0.35265583078758489 -0.024427790235037605 0.098075840920808233 0.031870937531764662 -0.0041357654878906858 0.17480550329408107 0.013188625436547086 -0.16781723361641854 -0.0037035604296895008 0.030277185945280539 -0.0042145892496445181 0.17270174159751095 0.013188625436547086 -0.16781723361641854 -0.0037035604296895008 -0.2328681715431625 1.5354050340032899 1.5209926304346761 7.1508521646279632 0.34780017332813884 0.74371940361750433 0.082959064977049995 1.5499947065844566 -1.5225049031831286 7.1508521646279632 0.34780017332813884 0.74371940361750433 -2.9422166781681143 -0.03447053942284839 0.10772711859954907 -0.14121000319056165 13.255746392992762 0.3848825659291677 -2.7771194038197242 -0.026434442912393052 -0.10847146441769492 -0.14121000319056165 13.255746392992762 0.3848825659291677 -2.1343501381962557 -0.065596306164650287 0.038234409595318805 0.20772906328403451 -0.56268774217826945 10.630641983588873 2.3793492985019533 0.15584509860389062 -0.038244903516373926 0.20772906328403451 -0.56268774217826945 10.630641983588873 0 0 0 0 0 0 0 0 0 0 0 0 0 0 0 0 0 0 0 0 0 0 0 0 -2.1248252543081074 0 0 0 -39.017155027742945 0 -0.17396750288700039 0 0 0 0 0 -0.17396750288700039 0 0 0 0 0 -2.1248252543081074 0 0 0 -39.017155027742945 0
1.0000000000010001 0 0 -2.4716055591067487e-05 0.0019608600160259115 -4.2490386209514952e-05 0.019999999996411777 0 0 -2.2062907056863423e-07 1.24564247805381e-05 -7.4482087164540189e-07 -0.0035923951730021386 -0.003889883935792593 -2.388056419277973e-05 -2.5858225283226233e-05 0 1.0000000000000244 0 -0.0019601595934500698 -2.6626490400548375e-05 2.6299059284473625e-05 0 0.019999999999989644 0 -1.2638821846738812e-05 -2.1924674532478039e-06 1.6356293489755425e-06 0.0001510160961126078 0.00014712001018477028 1.0124180140069772e-06 9.8696571748657647e-07 0 0 0.99999999997324451 8.442582744017102e-05 -5.634981370405967e-05 9.9004138220948334e-08 0 0 0.019999999989472883 3.3979485891677541e-06 -2.5227597788557432e-06 -6.3082872259201395e-07 0.00091625265707939718 0.0009927016153543633 6.1059768352578203e-06 6.615430425682689e-06 0 0 0 1.000011703888859 0.00012068164870204789 0.0011329433016737944 0 0 0 0.019999628425582117 -0.00025615421242464187 -0.0003009963181477282 -0.0010031261828136184 -0.0011832465909855649 -6.8300469446835876e-06 -8.0450056338943199e-06 0 0 0 -0.00010686940221660279 1.0000171545114511 0.0013899926418203812 0 0 0 0.00027694196241823121 0.019996054066023783 -0.00038599975646369522 -0.071834872779341641 -0.077808457992628588 -0.00047889524637523273 -0.00051872054568358195 0 0 0 -0.0011480885148823505 -0.0013737763756432875 1.0000140307272338 0 0 0 0.00031487171203714581 0.00037742500270943058 0.019994925597177637 0.0025324879988214422 0.00096801334135976358 1.694643557426101e-05 6.5218941358580196e-06 0 0 0 -0.0025277685777869152 0.19608443505708673 -0.0042599032079593258 1.0000000000010001 0 0 -3.0932166550368123e-05 0.0018988765213001635 -9.6763472234862036e-05 -0.36147366279382087 -0.39140775649065818 -0.003591577722728001 -0.0038890209941300213 0 0 0 -0.19601020453952067 -0.0027241186528748074 0.0026112309745029982 0 1.0000000000010001 0 -0.0019180376314986702 -0.00025203854281397042 0.00018249463051844828 0.015845408658787807 0.015516384177516329 0.00015729421237731245 0.00015392018215543146 0 0 0 0.0085584768404201039 -0.0056898246947323372 1.1692626034065512e-05 0 0 1.0000000000010001 0.00037381068206110424 -0.0002683797784702735 -6.5321964851094982e-05 0.092030931641076674 0.099711981553507467 0.0009183988777805574 0.00099504708812869769 0 0 0 0.0019403564727182854 -0.1564862385644572 0.0095672853389627832 0 0 0 1.0002622899407676 -0.0014415155319413842 -0.00012955933548219889 -0.18912658143743766 -0.21734157563957357 -0.0019471569356888097 -0.002234628315722631 0 0 0 0.15687365507305318 0.0030671088099842869 -0.04483038782560067 0 0 0 0.0042812077633014312 0.99988485074975486 0.0011823949527811628 -7.1736422469284582 -7.7738219612030761 -0.071733710853283394 -0.077735861823968744 0 0 0 -0.013294033512911696 0.047631071170561867 0.00058332702557173377 0 0 0 0.0011374950148468344 -0.0018700927195691719 0.99985076454367494 0.40993462335769948 0.26675316570912155 0.0041220432345223657 0.0026921500723142699 0 0 0 0 0 0 0 0 0 0 0 0 1.0000000000010001 0 0.019999999999881224 0 0 0 0 0 0 0 0 0 0 0 0 0 0 0.99999999999991596 0 0.020000000000314905 0 0 0 0 0 0 0 0 0 0 0 0 0 0 1.0000000000010001 0 0 0 0 0 0 0 0 0 0 0 0 0 0 0 0 1.0000000000010001
6.3150220347092264e-06 5.3753529405398126e-07 2.2273017368753033e-06 -1.5524734275906837e-06 0.00013733959802753049 4.3570702601414268e-07 6.5360543774647466e-06 5.4743709565485688e-07 -6.1427124663623564e-08 -1.5524734275906837e-06 0.00013772479684481809 4.3570702601414268e-07 -3.9659219408312493e-06 1.9219482234010543e-05 -1.3701157001745898e-05 -7.096940038680416e-05 -5.4850340849149637e-06 1.9669779368659823e-05 4.385443703442176e-06 1.9665529729824549e-05 1.6549986348956335e-05 -7.096940038680416e-05 -5.4801180954244799e-06 1.9669779368659823e-05 6.3547533248625398e-06 -8.1443185528939921e-07 3.4983350725971893e-05 2.8786972805505684e-06 -3.5043412616175829e-05 -7.994438444569596e-07 6.0060779878934985e-06 -8.3255624616640489e-07 3.4513298311651707e-05 2.8786972805505684e-06 -3.5142749821304164e-05 -7.994438444569596e-07 -3.3032290138473541e-05 0.00030726503980060826 0.00030383905636958899 0.0014298535827572678 4.0119216976330918e-05 0.00011661752813418857 1.6500328472838157e-05 0.00030967632277945079 -0.00030413964768951165 0.0014298535827572678 4.0357616554187459e-05 0.00011661752813418857 -0.00057531508356320656 -2.6739617464688337e-06 2.7198786325510136e-05 -1.040851432820844e-05 0.0027471540112178339 3.8588351264357001e-05 -0.00055820644879287775 -1.8147185143480016e-06 -2.7351526866156727e-05 -1.040851432820844e-05 0.0027549233692913955 3.8588351264357001e-05 -0.00043863079630864193 -1.0070661318750673e-05 1.2612104247638034e-05 6.26791726160425e-05 -6.5382007100045492e-05 0.0021293605090982881 0.00046558951445047401 3.7238954975205019e-05 -1.2621557953253481e-05 6.26791726160425e-05 -6.3348258930173706e-05 0.0021293605090982881 0.00064114950277021211 5.4283640082974927e-05 0.00022968055812503258 -0.00016145249720489474 0.0142829563107294 4.4089301654004487e-05 0.00066541574946200161 5.533035141169762e-05 -1.0530559847220047e-05 -0.00016145249720489474 0.01436011034389173 4.4089301654004487e-05 -0.00039415459458383271 0.0019111301707841477 -0.0013781976049029995 -0.0071421645056468641 -0.00059695585280516994 0.001968100585281185 0.00044147486728410133 0.0019575775445090926 0.0016672254840285165 -0.0071421645056468641 -0.0005960703181040472 0.001968100585281185 0.00063114622902982209 -8.0566700880191355e-05 0.0034993984797003193 0.00030160523384337168 -0.0036389593872920845 -8.3068335196556653e-05 0.00059444961412452927 -8.2525906247576941e-05 0.0034500120569620082 0.00030160523384337168 -0.0036588763893674603 -8.3068335196556653e-05 -0.0047272001835838842 0.030692739572124594 0.030435457171371499 0.14303762972678324 0.0077223547001459281 0.015091396646238486 0.0016852933836046281 0.031024150248804006 -0.030465721641821677 0.14303762972678324 0.0077978565965475255 0.015091396646238486 -0.057840573209279246 -0.00068281185566787528 0.0024816016601693063 -0.0027238827721154379 0.28373229680328516 0.0082227082642827298 -0.054237629138737309 -0.00049197353135799204 -0.002496507101999361 -0.0027238827721154379 0.28529358892664947 0.0082227082642827298 -0.042578118057445179 -0.0015703332245653456 0.00072985690622678868 0.0040928516825688988 -0.013075427796049865 0.21256804806635277 0.047695341663084645 0.0033486721173758838 -0.00073001033419216083 0.0040928516825688988 -0.012703750426612537 0.21256804805247498 -0.00042496505089427514 0 0 0 -0.0078034310055374867 0 -3.4793501821502941e-05 0 0 0 0 0 -3.4793500673524169e-05 0 0 0 0 0 -0.00042496505102182833 0 0 0 -0.0078034310053206463 0 -0.042496505105754326 0 0 0 -0.78034310052599309 0 -0.0034793500596992251 0 0 0 0 0 -0.0034793500596992251 0 0 0 0 0 -0.042496505105754326 0 0 0 -0.78034310052599309 0
left_only
0 0 0
-0.077378152000000006 8.0999999999999997e-07 0.31543998403249462 0.080000000000000002 -0.059999999999999998 0.050000000000000003 0.089999999999999997 0.050000000000000003 -0.040000000000000001 0.23000000000000001 -0.17999999999999999 0.14000000000000001 0.025426350504349882 -0.030740695843911436 0.11 -0.040000000000000001
2.3999999999999999 -0.69999999999999996 28.775229491866028 0.19327183296816838 -0.14000000000000001 0.059999999999999998 0 0 28.714612508133982 0.11327183296816838 0 0
0.089999999999999997 0.050000000000000003 -0.040000000000000001 0.2297017503646919 -0.18014349864543019 0.1403050010419768 -0.92212747507630799 -1.068433553597272 0.26823523296498886 2.0164917160211084 -14.750309125062532 -6.1020924777981023 0.11 -0.040000000000000001 0.36282109366425846 -0.41752200688911306
-0.075767727708705518 0.00078356190803196071 0.31469265020344961 0.084890165774321985 -0.066643270789694217 0.051685156120576906 0.070731336775111606 0.028095411731170701 -0.034797050537021486 0.27122345130603431 -0.47980229149760278 0.016228280859952648 0.027698914723082734 -0.031624200245289259 0.11725642187328518 -0.048350440137782259
0 0 0 0 0 0 1.0000000000010001 0 0 0 0 0 0 0 0 0 0 0 0 0 0 0 0 1.0000000000010001 0 0 0 0 0 0 0 0 0 0 0 0 0 0 0 0 1.0000000000010001 0 0 0 0 0 0 0 0 0 0 0.0014836471218249159 -0.068899774274822079 -0.090983535344646427 0 0 0 0.99949156073808609 0.024599916645384745 0.030333402789572972 0 0 0 0 0 0 0 0.071250277830503528 0.0021170947633875059 -0.11419982243188187 0 0 0 -0.025400083356053038 0.99925817877155598 0.039749947902678606 0 0 0 0 0 0 0 0.089091490726445066 0.11565012546232989 0.0024338487752961768 0 0 0 -0.029666597206601253 -0.040250052096846289 0.99916649301534655 0 0 0 0 0 0 0 0.27719262929437605 10.10577826382475 0.65797352760688099 0 0 0 0.0020464372973982847 0.0022945111366468041 0.0029056437256258505 -19.311200319060973 -19.274268548086226 0 0 0 0 0 -10.096546098181669 0.22124045684357441 -0.6275086993356993 0 0 0 -0.00097146324318231336 0.010875468969828717 -0.009463493211292473 -1.2799501343252473 -1.2090063833403164 0 0 0 0 0 -1.0418560861813475 0.95197897673204857 -0.0065120458747625065 0 0 0 -0.02123204448367666 0.017783967021234304 0.0035015446375741277 3.0656189412558987 3.0646983132653904 0 0 0 0 0 0.30778668613784532 -5.5043518292219318 14.975571583031311 0 0 0 -9.9531272113040359e-05 -0.014351381638633143 0.02875630089604897 19.349293566506276 19.171111780069694 0 0 0 0 0 6.1340468224813094 -0.091212305264321003 1.8556538519121091 0 0 0 -0.10228309044180151 -0.0071535115608867272 -0.1272060838886091 -379.6974536962594 -379.5073735410881 0 0 0 0 0 -14.762497621223503 -1.6127756681250105 0.50488508263057952 0 0 0 -0.14118840852006542 0.14284431237854278 0.0072530434991335824 -36.64373325973358 -29.144036768347092 0 0 0 0 0 0 0 0 0 0 0 0 0 0 0 0 1.0000000000010001 0 0 0 0 0 0 0 0 0 0 0 0 0 0 0 0 1.0000000000010001 0 0 0 0 0 0 0 0 0 0 0 0 0 0 0 0 0 0 0 0 0 0 0 0 0 0 0 0 0 0 0 0
0 0 0 0 0 0 0 0 0 0 0 0 0 0 0 0 0 0 0 0 0 0 0 0 0 0 0 0 0 0 0 0 0 0 0 0 0 0 0 0 0 0 0 0 0 0 0 0 0 0 0 0 0 0 0 0 0 0 0 0 0 0 0 0 0 0 0 0 0 0 0 0 0.029725776400553926 -0.0050197125900375283 -0.030441701248198266 0.019806231432717425 0.67123554403636376 -0.0053664329646707642 0.027532064073021445 -0.0047208002507126423 -0.0011501091975395364 0.019806231432717425 0.67123554403636376 -0.0053664329646707642 -0.021554752704933122 0.10097019398358498 -0.090226855071074794 -0.35126163977494684 0.04210422077655096 0.097702171464320031 0.019934913275676536 0.095526967447412403 0.061283706874266375 -0.35126163977494684 0.04210422077655096 0.097702171464320031 0.032113674994690054 0.0077497075146037986 0.17094088971502841 -0.028583712757823676 -0.10672957237445324 0.0079271383068846291 0.035466042991316726 0.0073080778928424905 0.17708284931563334 -0.028583712757823676 -0.10672957237445324 0.0079271383068846291 0.18582050620441493 1.5239870982952652 1.5300830669216778 7.0955207609468829 -0.66764306061450895 -0.19673039708401063 0.10220435875396561 1.5341396573109733 -1.5201745864331642 7.0955207609468829 -0.66764306061450895 -0.19673039708401063 -2.6668458341649881 0.039245246163943648 -0.41387465991630817 0.32996959209441457 13.216524285653009 -0.87295097728201654 -3.0358296418953046 0.088234600070791203 0.18835338273718211 0.32996959209441457 13.21652428476483 -0.87295097728201654 -2.473807008314862 0.57499183281350952 0.14568342424241598 0.86167482482579771 1.014954903677534 10.625961408106122 2.0381045415795995 -0.021945990802407778 -0.16317668766280716 0.86167482482579771 1.014954903677534 10.625961408106122 0 0 0 0 0 0 0 0 0 0 0 0 0 0 0 0 0 0 0 0 0 0 0 0 -2.1248252542414399 0 0 0 -39.017155027687437 0 -0.17396750290332719 0 0 0 0 0 -0.17396750288019755 0 0 0 0 0 -2.1248252543015766 0 0 0 -39.017155027687437 0
1.0000000000010001 0 0 5.7654742091628464e-05 0.0020205288969732393 0.00013197371667716951 0.019999999996411777 0 0 2.8235053184388903e-07 1.4212034327165668e-05 2.2162480184384492e-06 -0.0038914080846552679 -0.0038839201993434713 -2.5867967490267318e-05 -2.5818326643278766e-05 0 1.0000000000000244 0 -0.0020188803413322826 4.5471480693195371e-05 -0.00012816421871269384 0 0.019999999999989644 0 -1.382316835865996e-05 1.7472842834057034e-06 -4.3615895942671068e-06 -0.00026388258581293983 -0.00024990607413316601 -1.7603105930373564e-06 -1.6667961498864625e-06 0 0 0.99999999997324451 -0.00021133184091581825 0.00019587784172436784 -1.8622325903550063e-06 0 0 0.019999999989472883 -6.0899063569763712e-06 6.8745287240545849e-06 7.8451134477575124e-07 0.00058599763930189397 0.00058590696183635771 3.9091507808564074e-06 3.9085956693440949e-06 0 0 0 1.0000397767870317 -0.0018972536111605542 -0.00028208602814716599 0 0 0 0.019987811995803018 0.00048784307843385832 0.00062468553940764338 0.0018107347149465269 0.0018210829649811799 1.2146943173529934e-05 1.2209198929635789e-05 0 0 0 0.0019602269529794825 1.0000332549137125 -0.0021575313063904034 0 0 0 -0.00052118526855382541 0.019986050682485601 0.00076888301281385907 -0.076267106317862154 -0.076171117267820332 -0.00050844090743185077 -0.00050780293164853774 0 0 0 0.00025766190570042369 0.002203117518279063 1.0000620225027179 0 0 0 -0.00064581080413961267 -0.00077599232248259931 0.019987173666136115 -0.0045244101451458185 -0.0030257546364265142 -3.0233791165068524e-05 -2.0242790083058182e-05 0 0 0 0.0058759703422395226 0.20200711671469751 0.013218769821798926 1.0000000000010001 0 0 2.211877209168378e-05 0.0021080183293387122 0.00030392528771461258 -0.39196729463564228 -0.39120915706902792 -0.0038932252560686109 -0.0038857365866618032 0 0 0 -0.20185422821075716 0.0046050098283234586 -0.013003523122862015 0 1.0000000000010001 0 -0.002062877414027442 0.00015311268225515207 -0.00056266837716867357 -0.026694454348386021 -0.025313946563909617 -0.00026587093637786552 -0.00025193650637911347 0 0 0 -0.021281095913261439 0.019915596453229378 -0.00021698802130099004 0 0 1.0000000000010001 -0.0007031192642004136 0.00085762054402582777 8.2362231618171577e-05 0.056611123195465796 0.056607636408217976 0.00057306306228133153 0.00057301792130703966 0 0 0 0.0067485980137504953 -0.11081841891358302 0.30460673364207658 0 0 0 0.99987345431040708 -0.0014237051260135303 0.0040146515001282523 0.3991262390867778 0.39537544291312621 0.004006332599004736 0.0039661747497365951 0 0 0 0.1244584222903633 -0.0020880585871463353 0.037591754292742863 0 0 0 -2.1355833768055277e-05 0.99988968274566936 -0.002351750849616252 -7.5904728873976701 -7.5872324589165707 -0.075901684548629333 -0.07586995429131882 0 0 0 -0.30004090740762268 -0.032245217579385255 0.011238724173523451 0 0 0 -0.0079601106817150935 0.0025498728718764685 1.00023651335851 -0.76218391132504282 -0.61215305783776652 -0.0076431647573482753 -0.006142994342372976 0 0 0 0 0 0 0 0 0 0 0 0 1.0000000000010001 0 0.019999999999881224 0 0 0 0 0 0 0 0 0 0 0 0 0 0 1.0000000000010001 0 0.019999999999881224 0 0 0 0 0 0 0 0 0 0 0 0 0 0 1.0000000000010001 0 0 0 0 0 0 0 0 0 0 0 0 0 0 0 0 1.0000000000010001
6.006375952161136e-06 -1.009442529564808e-06 -6.2597752468555786e-06 4.0683637014815588e-06 0.00014029741951526731 -1.0159165175771534e-06 5.591631324630697e-06 -9.5182889348066624e-07 -2.5171089708284193e-07 4.0683637014815588e-06 0.00014028777445274088 -1.0159165175771534e-06 -4.2604359077839712e-06 2.0080370526087687e-05 -1.822754584474311e-05 -7.0763364243796312e-05 9.0462692675305489e-06 1.9212794549750001e-05 3.8975023837657663e-06 1.8990404409592598e-05 1.2316339240123176e-05 -7.0763364243796312e-05 9.0279760121651786e-06 1.9212794549750001e-05 6.2250089342500798e-06 1.5268342146157465e-06 3.4083562486823272e-05 -6.0808857949012918e-06 -2.1168095054591163e-05 1.6374124278684121e-06 6.9176886441368879e-06 1.4339085474546209e-06 3.5498504120591149e-05 -6.0808857949012918e-06 -2.1168011787864316e-05 1.6374124278684121e-06 9.2437226854406411e-06 0.0003082885544070102 0.00030476987843004039 0.0014251013771837684 -6.5792531145358879e-05 2.0275114920309534e-05 1.7843948540985366e-05 0.00030695022218418799 -0.00030395572416814267 0.0014251013771837684 -6.580395256472471e-05 2.0275114920309534e-05 -0.00054695333621031705 4.4115613939688103e-06 -9.1360405921946114e-05 3.6472623532457504e-05 0.0027518849768370934 -9.2584773181414448e-05 -0.00058593562640707475 9.7025928957883423e-06 4.4869047737378544e-05 3.6472623532457504e-05 0.0027517605069582451 -9.2584773181414448e-05 -0.00047476184875799854 0.0001068430378892149 2.2811800966220841e-05 0.00012605642224494673 0.0001112673737868608 0.0021318115536739235 0.00043032120922159578 -1.5097676581143915e-05 -2.4684754642329291e-05 0.00012605642224494673 0.00010931830440874535 0.0021318115536739235 0.00060794216304634518 -0.00010073690492884424 -0.00063718809384882759 0.00041277053997035296 0.014633710722355975 -9.6729867171685413e-05 0.00056849652069201895 -9.5197578986461195e-05 -2.6227845676859528e-05 0.00041277053997035296 0.014631773771756063 -9.6729867171685413e-05 -0.00042031459186973413 0.0019965436491575783 -0.001837257628806026 -0.0071272792633025883 0.00095059018642706938 0.0018958137976143874 0.00038457734566343937 0.0018879905312740863 0.0012398619484991244 -0.0071272792633025883 0.00094694874164247267 0.0018958137976143874 0.00060678567928342442 0.00015077930917706261 0.0034014273233132926 -0.00062998790559265494 -0.0021212983626617277 0.00016573256655938451 0.00067690709981693686 0.00014129206485358203 0.0035550954147662507 -0.00062998790559265494 -0.002121285411216256 0.00016573256655938451 0.0037938766480246264 0.030456834415604206 0.030623257484442463 0.14186718619302319 -0.014812948145870308 -0.0041659322935760912 0.0020238212494749774 0.030679941531719379 -0.03040835962123634 0.14186718619302319 -0.014802138015301836 -0.0041659322935760912 -0.051983606771018508 0.0007488648035014478 -0.0085574204692566679 0.006662492085807159 0.28397170070970645 -0.018251906624966452 -0.059700363846948434 0.0018016562131073499 0.0038647224989893135 0.006662492085807159 0.28396353615733894 -0.018251906624966452 -0.049573030162901786 0.011711341750542115 0.0028266922593427157 0.017112846403821713 0.02330941687583854 0.21248369869858452 0.040630734117474976 -0.00055514201222073289 -0.0032088191820740996 0.017112846403821713 0.022919220396544482 0.21248369869858452 -0.0004249650508517574 0 0 0 -0.0078034310055374867 0 -3.479349967860923e-05 0 0 0 0 0 -3.4793500545970968e-05 0 0 0 0 0 -0.00042496504926159417 0 0 0 -0.0078034310055374867 0 -0.04249650508228453 0 0 0 -0.78034310055374867 0 -0.0034793500580665437 0 0 0 0 0 -0.0034793500574883027 0 0 0 0 0 -0.042496505085753977 0 0 0 -0.78034310055374867 0
right_only
0 0 0
-0.077378152000000006 8.0999999999999997e-07 0.31543998403249462 -0.070000000000000007 0.055 -0.044999999999999998 -0.080000000000000002 -0.050000000000000003 0.035000000000000003 -0.20999999999999999 0.17000000000000001 -0.13 -0.026573649495650123 0.021259304156088565 -0.029999999999999999 0.10000000000000001
0 0 27.675229491866027 0.11327183296816838 0 0 -2.2000000000000002 0.59999999999999998 27.714612508133982 0.043271832968168375 0.13 -0.050000000000000003
-0.080000000000000002 -0.050000000000000003 0.035000000000000003 -0.21025029171504617 0.16982108268366555 -0.12982933405211472 0.24666205849256126 0.63147357735724396 -0.21627276232733919 1.5120525661642548 1.2955477425107413 -5.4128543692098967 -0.029999999999999999 0.10000000000000001 0.38272850631502037 -0.39761459423835005
-0.07892812908250231 -0.00087032315973520151 0.31609700394684109 -0.073880170461628439 0.058664637072060107 -0.048659226648749394 -0.074958660389083789 -0.036990037340891319 0.030715723282173417 -0.18010702305402915 0.19046986188344267 -0.23783016028600026 -0.027097103794387116 0.023179781237240894 -0.022345429873699592 0.092047708115232996
0 0 0 0 0 0 1.0000000000010001 0 0 0 0 0 0 0 0 0 0 0 0 0 0 0 0 1.0000000000010001 0 0 0 0 0 0 0 0 0 0 0 0 0 0 0 0 1.0000000000010001 0 0 0 0 0 0 0 0 0 0 0.001266877450167847 0.065933487614078246 0.084183198301168716 0 0 0 0.99957909686920754 -0.022820886555474651 -0.027237456456941089 0 0 0 0 0 0 0 -0.06397898820453829 0.0017127768647817732 0.10567928521165726 0 0 0 0.022179113448594912 0.99942282094644952 -0.035206284207389693 0 0 0 0 0 0 0 -0.085729277496393586 -0.1044457493548645 0.0020045056031703368 0 0 0 0.027762543541864915 0.034793715783520973 0.9993394737839445 0 0 0 0 0 0 0 -0.20383755175434892 9.6053653795002969 -0.30019981768492077 0 0 0 -0.00013589895875298907 -0.0053431179064533652 -0.0015165692313079404 -18.112262198111129 -18.135626299459197 0 0 0 0 0 -9.5924723187978955 -0.2197684857985216 -0.024015152089162939 0 0 0 0.0038900057064417126 -0.011004142874693201 0.0098771169576572504 1.1863443922233152 1.2467470290600247 0 0 0 0 0 0.63947956828458441 -0.22942985083984624 0.008697645770272544 0 0 0 0.017220039200127601 -0.017028237167537874 -0.0039769399856615095 5.0706066344469169 5.073790717124993 0 0 0 0 0 0.16408636893672224 -5.3538544600995053 -1.4783448827326851 0 0 0 0.021758162160878669 -0.0071405529267209999 -0.019427487174539237 -16.442685949247249 -15.854380037039206 0 0 0 0 0 5.3504468270348937 0.05771616562455506 1.6801647212405513 0 0 0 0.12327974885373294 -0.0081891891046126375 0.1046965710793657 -365.95768921443562 -366.06717386733493 0 0 0 0 0 1.3504087927884711 -1.4651935607012945 -0.02796469100729837 0 0 0 0.10049752985352711 -0.14394514069593356 -0.013568972612176822 26.887830800959023 33.281634838733254 0 0 0 0 0 0 0 0 0 0 0 0 0 0 0 0 1.0000000000010001 0 0 0 0 0 0 0 0 0 0 0 0 0 0 0 0 1.0000000000010001 0 0 0 0 0 0 0 0 0 0 0 0 0 0 0 0 0 0 0 0 0 0 0 0 0 0 0 0 0 0 0 0
0 0 0 0 0 0 0 0 0 0 0 0 0 0 0 0 0 0 0 0 0 0 0 0 0 0 0 0 0 0 0 0 0 0 0 0 0 0 0 0 0 0 0 0 0 0 0 0 0 0 0 0 0 0 0 0 0 0 0 0 0 0 0 0 0 0 0 0 0 0 0 0 0.031446363873977035 0.0044095352369488694 0.016937073049822459 -0.013946462623648515 0.65445752504833532 0.0040173500498452697 0.033234884232306736 0.0046034604878064656 -0.0084458953792393016 -0.013946462637526302 0.65445752504833532 0.0040173500498452697 -0.019664600003910238 0.095924406473546497 -0.063385499928853853 -0.35188432184751761 -0.042866650562523034 0.097857364711462225 0.021880216704118671 0.10064970762391212 0.088075021635489845 -0.35188432168098416 -0.042866650562523034 0.097857364711462225 0.031685122484081951 -0.0070857512635136288 0.17555650184793781 0.024020308686534264 -0.18321823259948022 -0.0067193399316822777 0.028808923447567265 -0.007410194430290673 0.17412134798002149 0.024020308672656476 -0.18321823259948022 -0.0067193399316822777 -0.34454640751580001 1.5271848122777598 1.5262682934903322 7.1496566307338583 0.59413006681108271 1.0195075773600237 0.088411635436955932 1.5750468256303662 -1.5378949074993158 7.1496566276252338 0.59413006681108271 1.0195075773600237 -2.9989991725543064 -0.071174994453748752 0.14385503556724358 -0.28094638626630086 13.223293751973841 0.68548090048636823 -2.7062719493153864 -0.038350892461735953 -0.36936432584888429 -0.28094638648834547 13.223293751973841 0.68548090048636823 -2.0380404341935332 -0.15533850383775416 -0.0074247738917863088 0.035461257930080592 -0.97154861267156889 10.592569204437297 2.4594416012859517 0.35133088438499271 0.023990416051159692 0.035461257930080592 -0.97154861267156889 10.592569204437297 0 0 0 0 0 0 0 0 0 0 0 0 0 0 0 0 0 0 0 0 0 0 0 0 -2.1248252542738211 0 0 0 -39.017155027687437 0 -0.17396750286547866 0 0 0 0 0 -0.17396750287557161 0 0 0 0 0 -2.1248252542183099 0 0 0 -39.017155027742945 0
1.0000000000010001 0 0 -4.2317413462278353e-05 0.0019214318747184933 -5.9995571011217663e-05 0.019999999996411777 0 0 -1.8850893068744767e-07 1.1662303067705437e-05 -9.7954283573287171e-07 -0.003641672366438975 -0.0036463680477827332 -2.4208697546601599e-05 -2.4239853180230142e-05 0 1.0000000000000244 0 -0.0019187164886427799 -4.5662808657951498e-05 -6.4315905032308329e-06 0 0.020000000000098064 0 -1.2007922976266239e-05 -2.5730379198812825e-06 2.4399558979162905e-06 0.00025055131510102677 0.0002627083375058431 1.6750367911287645e-06 1.7560280486661473e-06 0 0 0.99999999997324451 0.0001305348606983614 -4.6464332381646045e-05 1.7739698598973064e-06 0 0 0.019999999989472883 3.9558911701931265e-06 -3.9013237085328001e-06 -7.3302475200875961e-07 0.0010270284345192948 0.0010276413608956148 6.8450800583264026e-06 6.8491601279419001e-06 0 0 0 1.0000297668705249 0.00079278041770214358 0.0015373799039375413 0 0 0 0.019995672916051088 -0.0004590244295776813 -0.00055081569166892663 -0.001799357100817911 -0.0017156080722724454 -1.2146270100821255e-05 -1.1585128689706181e-05 0 0 0 -0.00075744336844318916 1.0000335299020779 0.0022886509007391531 0 0 0 0.00047535064079395895 0.019988128194259325 -0.00068448222090289335 -0.073408848815653682 -0.073471416783821297 -0.00048938723212765822 -0.00048980336106452249 0 0 0 -0.0015666345790088521 -0.0022515409155154931 1.0000354518265031 0 0 0 0.00057840940023701215 0.00066810961624197418 0.019985202812100589 0.0028481721356388157 0.0041286423758946089 1.903944710224259e-05 2.757586520241162e-05 0 0 0 -0.0043093763488211145 0.19216099928637265 -0.0059919551265164017 1.0000000000010001 0 0 -2.6973964728504995e-05 0.0018031078088953656 -0.00013206007121180363 -0.36628604541816268 -0.36675784960416014 -0.0036399957561994434 -0.0036446707873949435 0 0 0 -0.19188271108139254 -0.0046518208451917786 -0.00072024581090901485 0 1.0000000000010001 0 -0.0018405257179443524 -0.00027642840447206218 0.00026663829824635776 0.025875165714922543 0.027093768624475434 0.00025701013192658273 0.00026917767667611336 0 0 0 0.0131801396047182 -0.0046798296488015367 0.00017914256016104968 0 0 1.0000000000010001 0.00042243541477360314 -0.00041439931174058753 -7.0214408939839323e-05 0.1034112071199994 0.10347159667793704 0.0010313722428184624 0.001031976238838328 0 0 0 0.0032915892095308763 -0.10676766078188127 -0.024288903194280564 0 0 0 1.0005105721411223 -0.0010502715225291226 -0.00065490984857419221 -0.33795727505392392 -0.3260024900864078 -0.0034330547848959725 -0.0033126208859313166 0 0 0 0.10660181447297301 0.0013843303448002331 0.033524369502657692 0 0 0 0.0041279239054725636 0.99978667786326803 0.0019971870407475834 -7.3168411588026006 -7.3186584502449303 -0.073164857478102974 -0.073182780321867646 0 0 0 0.021566409727502567 -0.02902355313028071 -0.00063682120687857946 0 0 0 0.0023755936939817701 -0.0028850199451646574 0.99969987397974247 0.56235541462390515 0.69021162729665519 0.0056395491887517579 0.0069180585288153296 0 0 0 0 0 0 0 0 0 0 0 0 1.0000000000010001 0 0.019999999999881224 0 0 0 0 0 0 0 0 0 0 0 0 0 0 1.0000000000010001 0 0.019999999999881224 0 0 0 0 0 0 0 0 0 0 0 0 0 0 1.0000000000010001 0 0 0 0 0 0 0 0 0 0 0 0 0 0 0 0 1.0000000000010001
6.4117114395578767e-06 8.9406954062454247e-07 3.4452998651067301e-06 -2.8861843470728843e-06 0.00013630120643259858 8.1094159165573387e-07 6.7729754885367557e-06 9.3392654720858559e-07 -1.7336791529527471e-06 -2.8861843470728843e-06 0.00013630727796476449 8.1094159165573387e-07 -3.9079254697711729e-06 1.908747758374435e-05 -1.2727313844082758e-05 -7.0781244851814834e-05 -9.3802643061878521e-06 1.966746210335657e-05 4.4409446823059917e-06 2.0053701212628672e-05 1.7767079234338181e-05 -7.0781244743394617e-05 -9.3960528376943464e-06 1.966746210335657e-05 6.3354876900234558e-06 -1.4049317265119043e-06 3.5150020371549656e-05 5.0795201378406318e-06 -3.8444719629993074e-05 -1.41422984434314e-06 5.7302773637246673e-06 -1.4744039322778235e-06 3.4799517920206813e-05 5.0795201378406318e-06 -3.8445524541685927e-05 -1.41422984434314e-06 -4.441470802252212e-05 0.00030648934085109047 0.0003045908178863965 0.0014306514861672781 6.7400009184925835e-05 0.00014384930746569324 1.6666440954599629e-05 0.00031331073152562894 -0.00030602908372773425 0.0014306514861672781 6.7290298333411158e-05 0.00014384930746569324 -0.00058159461968632087 -6.2305716141963785e-06 3.6254422992746585e-05 -2.3832658069267154e-05 0.002747983337408888 6.9826519566440481e-05 -0.00055160682051065676 -2.8286400999277816e-06 -8.2733486839427816e-05 -2.3832658069267154e-05 0.0027480645675703741 6.9826519566440481e-05 -0.00042943447756127462 -2.3383867758797194e-05 7.9832184897919848e-06 4.517581100871304e-05 -0.00010662389027249475 0.0021273619532635735 0.0004737471258090239 8.0156777049200656e-05 -6.1889901553126123e-06 4.517581100871304e-05 -0.00010828921787053858 0.0021273619532635735 0.00065200694149281091 8.9848857520724579e-05 0.00034762814272329629 -0.00029558407804719522 0.014179381155332571 8.2393800115987403e-05 0.00068872543716105091 9.3932327194234944e-05 -0.00017635951845724443 -0.00029558407804719522 0.01418059216579115 8.2393800115987403e-05 -0.00038927174331182535 0.0018989904371213839 -0.0012802705377265482 -0.0071211291169381852 -0.0010016136600676795 0.0019696357600462733 0.00044675927414598729 0.0019965591922799231 0.0017892417619868118 -0.0071211291134687382 -0.0010047757521836065 0.0019696357600462733 0.00062984022684842156 -0.00013975623436301987 0.003516969148811507 0.00052195792306364286 -0.0040045262054283493 -0.00014461491205930432 0.00056795639687513453 -0.0001469192545400233 0.0034787294173522112 0.00052195792306364286 -0.0040046833817836136 -0.00014461491205930432 -0.0069803196695028547 0.030539544115804063 0.030540466641911897 0.14302440975999531 0.013111763785822461 0.020726187349717762 0.0018199914302902635 0.031538915715167981 -0.030787287616153607 0.14302440970448416 0.013080320757086206 0.020726187349717762 -0.058971225555537465 -0.0014264993353219069 0.0029586159967085694 -0.0055706914359188175 0.28341306401724609 0.014324802427578831 -0.05285525282601581 -0.00072267035411410774 -0.0076521826911898211 -0.0055706914359188175 0.28341769449380383 0.014324802427578831 -0.040637625597916838 -0.0031777405290478455 -0.00018178312459622502 0.00064316241221717974 -0.021788795170896158 0.21175992873101457 0.049256443210803962 0.0072155371816373659 0.00054251595798233347 0.00064316242609496754 -0.022121346782144613 0.21175992873101457 -0.00042496505273104113 0 0 0 -0.0078034310055374867 0 -3.4793501728736971e-05 0 0 0 0 0 -3.4793501413332706e-05 0 0 0 0 0 -0.00042496505131172187 0 0 0 -0.0078034310055374867 0 -0.042496505085753977 0 0 0 -0.78034310055374867 0 -0.0034793500561741179 0 0 0 0 0 -0.0034793500580665437 0 0 0 0 0 -0.042496505083861547 0 0 0 -0.78034310055374867 0
yaw_anchored
0 0 0.59999999999999998
-0.077378152000000006 8.0999999999999997e-07 0.31543998403249462 0.20000000000000001 -0.16 0.13 0.20000000000000001 -0.080000000000000002 0.040000000000000001 0.25 -0.20000000000000001 0.080000000000000002 0.035426350504349877 0.0072593041560885634 0.14999999999999999 0.10000000000000001
1.3 -0.5 28.375229491866026 0.20327183296816836 -0.080000000000000002 0.040000000000000001 -0.80000000000000004 0.40000000000000002 28.214612508133982 0.063271832968168379 0.059999999999999998 -0.029999999999999999
0.20000000000000001 -0.080000000000000002 0.040000000000000001 0.24322100373496758 -0.20810680298797407 0.080451621345620283 -2.2517127686473186 -3.0039780763158146 -0.3186331784250605 19.48152959475339 -17.244121644658509 -5.5999884256198555 0.14999999999999999 0.10000000000000001 0.49827357397979616 -0.86732685198860227
-0.073836654883966721 -0.0022087308959819201 0.31617212306830805 0.2085181328066143 -0.16806439087187972 0.13053325264445551 0.15367889119998335 -0.14144335106037845 0.032944179647342385 0.65261573340061851 -0.55796313867525715 -0.033687384821238141 0.038526005219145835 0.0090858387856908428 0.15996547147959592 0.082653462960227964
0 0 0 0 0 0 1.0000000000010001 0 0 0 0 0 0 0 0 0 0 0 0 0 0 0 0 1.0000000000010001 0 0 0 0 0 0 0 0 0 0 0 0 0 0 0 0 1.0000000000010001 0 0 0 0 0 0 0 0 0 0 0.003537004883424899 -0.036661117211456151 -0.10408973660780418 0 0 0 0.99645345394416829 0.062329659447635244 0.082169651693941859 0 0 0 0 0 0 0 0.043338882760313169 0.0050395021211624424 -0.12172821070577378 0 0 0 -0.067670340553327435 0.99525180070891839 0.098264278644566438 0 0 0 0 0 0 0 0.10004474259445173 0.12496420593449686 0.0068447096948642816 0 0 0 -0.077830348305107933 -0.10173572136118469 0.99452580187842088 0 0 0 0 0 0 0 0.81635469872942679 9.6922102377217101 1.9950518879152668 0 0 0 0.0040499712472552574 -0.0017605013002963688 0.012247743264026667 -14.307884960595985 -14.286227813853358 0 0 0 0 0 -9.6155793221086583 0.44423545619842741 -1.5141951161812273 0 0 0 -0.00086292528678200142 0.0032890234979987554 -0.012923794034946923 -12.973688110484716 -12.83537283569558 0 0 0 0 0 -2.8475096648106213 2.4424135227907318 -0.0059668661678280444 0 0 0 -0.025658082852819675 0.0201707756608549 0.00069510858180521495 -0.5722898231419471 -0.56378189139394408 0 0 0 0 0 1.1261974339760172 -3.884141014154352 17.616753442695199 0 0 0 0.041846499598818809 0.018278251801007173 0.062320758331679826 252.93776943158264 250.41044780316213 0 0 0 0 0 7.1900038971506319 1.4755008415079374 18.853830999532306 0 0 0 -0.0014154597494098198 -0.018391389744465414 -0.0063038640973900328 -277.78258062483019 -277.97056098677331 0 0 0 0 0 -18.284095756992969 -18.076038988734666 3.3635735503523279 0 0 0 -0.1918246836929427 -0.11267613508891827 -0.023455105413461297 -26.455028713456841 -16.965632980259215 0 0 0 0 0 0 0 0 0 0 0 0 0 0 0 0 1.0000000000010001 0 0 0 0 0 0 0 0 0 0 0 0 0 0 0 0 1.0000000000010001 0 0 0 0 0 0 0 0 0 0 0 0 0 0 0 0 0 0 0 0 0 0 0 0 0 0 0 0 0 0 0 0
0 0 0 0 0 0 0 0 0 0 0 0 0 0 0 0 0 0 0 0 0 0 0 0 0 0 0 0 0 0 0 0 0 0 0 0 0 0 0 0 0 0 0 0 0 0 0 0 0 0 0 0 0 0 0 0 0 0 0 0 0 0 0 0 0 0 0 0 0 0 0 0 0.031364080051059333 -0.068534682151621951 0.0017724084766346678 0.2381680421770227 0.50540388563113936 -0.066132556097997508 0.0033481031280757634 -0.066702039003274649 -0.085118007518049627 0.2381680421770227 0.50540388540909476 -0.066132556097997508 -0.0021536707460147507 0.075826967149694724 -0.11246609118186847 -0.25966298378143904 0.45594454078923263 0.072314264354389479 0.028608618363179517 0.073822921331512248 0.010629422759845335 -0.25966298378143904 0.45594454078923263 0.072314264354389479 0.037298437137990047 0.0057909607109607464 0.16288805344693369 -0.021099136326974133 0.020065164307858652 0.0058723617635259018 0.039794379513846678 0.0056282214999647806 0.17241192318092555 -0.021099136326974133 0.020065164307858652 0.0058723617635259018 2.1780978197118479 1.0462414898881889 1.4992582125206795 5.1120452564390462 -8.8925164813957736 -1.2211471709377975 1.6584743072201036 1.0799912022463332 -0.92179212681210598 5.1120452564390462 -8.8925164796194167 -1.2211471709377975 -1.703673358286131 0.88236711626166198 0.49964461053372722 4.5127060968042088 9.8241898989215315 -1.9621245641587848 -2.5355492176970529 0.93706375103863593 -1.1397319851603485 4.5127060968042088 9.8241898953688178 -1.9621245641587848 -2.3705915005359874 0.95309286329836596 0.42513390236549958 2.1680072181951004 0.74889145862400142 10.410123384652081 2.049641583123929 0.65959629891310101 -0.47430790186895228 2.1680072181951004 0.74889145951217984 10.410123384652081 0 0 0 0 0 0 0 0 0 0 0 0 0 0 0 0 0 0 0 0 0 0 0 0 -2.1248252544638397 0 0 0 -39.017155027742945 0 -0.17396750287557161 0 0 0 0 0 -0.17396750288197674 0 0 0 0 0 -2.1248252543570878 0 0 0 -39.017155027742945 0
1.0000000000010001 0 0 0.00016568874050548743 0.0019361199102285731 0.00040466811845885076 0.019999999996411777 0 0 6.6691790978623544e-07 1.2354457734620183e-05 7.9969850186323299e-06 -0.002877901188191867 -0.0028731155440886447 -1.9132154194245743e-05 -1.9101158155176989e-05 0 0.99999999999991596 0 -0.0019204202924075209 8.7939905140874131e-05 -0.00030860220628925461 0 0.020000000000098064 0 -1.2553094414641253e-05 3.1799866559434342e-07 -7.1406498335785384e-06 -0.0026100815371868369 -0.0025827158686448498 -1.735589558356232e-05 -1.7173137694878604e-05 0 0 0.99999999997324451 -0.00057721713520031415 0.0004977016576646065 -1.4838408279871373e-06 0 0 0.019999999989472883 -1.1935341603930283e-05 9.5448371428830114e-06 2.1582735598713043e-07 -0.00016528584056985096 -0.0001633007895573968 -1.0824952045851433e-06 -1.0693113061677195e-06 0 0 0 1.0001176341256635 -0.0011825066759119096 -5.7338078729429753e-05 0 0 0 0.019932736114447458 0.0012445120212145611 0.0016745149988839358 0.046525632346750001 0.046175489959443539 0.00031019406487864387 0.00030784874649469884 0 0 0 0.0014285285315773777 1.0001423726424541 -0.0006768338250973116 0 0 0 -0.0013512713170626967 0.019903691139688817 0.0019759983233003098 -0.059222453094309735 -0.059040939734411602 -0.00039479589042379359 -0.00039359580872311284 0 0 0 -4.6746398418839874e-05 0.00078088571719980848 1.0002636451483804 0 0 0 -0.0016317034667867603 -0.0020821564472583987 0.019884507929113227 -0.0036137897396759655 -0.0016820889403579287 -2.4124299780048375e-05 -1.1247794362567731e-05 0 0 0 0.01669123547709539 0.19343967662399653 0.040808200679753881 1.0000000000010001 0 0 6.0128763079703162e-05 0.001867175053460457 0.0010820921658716287 -0.28956924000289597 -0.28905119668631851 -0.0028775808402770053 -0.0028727301232267521 0 0 0 -0.19185126463872049 0.0087365234352487775 -0.0312156132331598 0 1.0000000000010001 0 -0.0018701924175967832 1.4100373646463993e-05 -0.00094741828271516226 -0.26240969674962145 -0.25969523126390115 -0.0026090490046204451 -0.002581764829701072 0 0 0 -0.058154841667962254 0.050297396702453367 -0.00016594035173733701 0 0 1.0000000000010001 -0.0015408878409339799 0.001237340091497785 2.522176911767815e-05 -0.020431397355219483 -0.020211511554679706 -0.00018732926668207917 -0.00018521358058354309 0 0 0 0.024369870121887516 -0.077037606960317362 0.36562612282242668 0 0 0 1.0006524889250024 -0.00089754287335708227 0.0055579854052467681 5.0646422614653019 5.013918060181588 0.050648578275858114 0.050137249796300409 0 0 0 0.14750407534291909 0.031473503581125328 0.38911418021037036 0 0 0 0.0017773197358295079 1.0002524134522517 0.004293252753306831 -5.5494539223932549 -5.5537102486846734 -0.055491430950294074 -0.05553807880254169 0 0 0 -0.37974351121267125 -0.37272407684904585 0.072435379659674393 0 0 0 -0.010427640136784211 -0.0084978817385672478 0.99915467829947424 -0.53796190358293416 -0.34817086254010365 -0.0053906458914732003 -0.0034941111219655152 0 0 0 0 0 0 0 0 0 0 0 0 1.0000000000010001 0 0.020000000003350671 0 0 0 0 0 0 0 0 0 0 0 0 0 0 1.0000000000001328 0 0.019999999999881224 0 0 0 0 0 0 0 0 0 0 0 0 0 0 1.0000000000010001 0 0 0 0 0 0 0 0 0 0 0 0 0 0 0 0 1.0000000000010001
6.2598590840815619e-06 -1.3619862182512321e-05 2.5560184082182397e-07 4.8070020186585793e-05 0.00010537550693134889 -1.2823249406768156e-05 8.2766432596415029e-07 -1.3259844611201999e-05 -1.7253383112073043e-05 4.8070020186585793e-05 0.00010536959499374277 -1.2823249406768156e-05 -2.7053696489228641e-07 1.5063140188301127e-05 -2.2774190802773994e-05 -5.2321227862403563e-05 9.5118041698247224e-05 1.4034572332413675e-05 5.6983565002027836e-06 1.4669086475030402e-05 2.0600271980020455e-06 -5.2321227862403563e-05 9.5082331548132504e-05 1.4034572332413675e-05 7.1866017410553259e-06 1.1431688928809081e-06 3.2431226425255351e-05 -4.3629821977475558e-06 6.0121907452526102e-06 1.1697309787450649e-06 7.683881309006324e-06 1.1103340469276191e-06 3.4449407848341567e-05 -4.3629821977475558e-06 6.0096372322959724e-06 1.1697309787450649e-06 0.00037042759885116321 0.00023509977298274976 0.00031372353176846413 0.0011108091113598562 -0.0016984662010166574 -9.6732719057079919e-05 0.00032917074621607867 0.00023772134261079714 -0.00020468287268503364 0.0011108091113598562 -0.0016980074152295188 -9.6732719057079919e-05 -0.0004101521686386342 0.00017998755263981536 8.5458245379107706e-05 0.00087188378739000427 0.0021671563571468155 -0.0001713312824946911 -0.00048264679752829664 0.00018476876972872702 -0.00022507879673601286 0.00087188378739000427 0.0021669232241894321 -0.0001713312824946911 -0.0004711580591488539 0.00015702772415693289 5.0357649158840492e-05 0.00025747863563463369 9.4525234861642105e-05 0.0021303048075571596 0.00043325512621983364 9.6183810915917434e-05 -5.640373910841028e-05 0.00025747863563463369 9.2013410779578919e-05 0.0021303048075571596 0.00062637035515609681 -0.0013530625092572635 2.1577896187549278e-05 0.004846365503352601 0.010973465872088362 -0.001249544079318099 9.7046051750204754e-05 -0.0013177247071283205 -0.0017421193718468008 0.004846365503352601 0.010972245056972696 -0.001249544079318099 -1.1899541181474677e-05 0.0014964910144410482 -0.0022979111013865065 -0.0052714046183677254 0.0099006405990254009 0.0013699800321953504 0.0005706044525766174 0.0014577436341367545 0.00020554961994472115 -0.0052714046183677254 0.0098935240971931293 0.0013699800321953504 0.00069717341141592654 0.00011295609933514861 0.0032322809187931441 -0.00044691601461255281 0.00076469214640995098 0.0001161815921246756 0.00074656787349414166 0.00010967052613275463 0.0034426517559214692 -0.00044691601461255281 0.0007641515926970488 0.0001161815921246756 0.042864663015643817 0.020863404837090371 0.030252434591020179 0.10216896995096647 -0.19122950090100233 -0.024583945601452939 0.032410483685740843 0.021557763518753603 -0.018249029416842071 0.10216896995096647 -0.19109593391020141 -0.024583945601452939 -0.03306864179921995 0.017571745503097702 0.0097116028869260896 0.090300679156385399 0.21070829719915807 -0.039757039660415217 -0.04992402796721862 0.018703953386101091 -0.022985589688063138 0.090300679156385399 0.21072099171126624 -0.039757039660415217 -0.04738779228794595 0.019328277030966623 0.0084153764483176473 0.043128317549212536 0.016694754554485991 0.20815004411409155 0.040969993671952087 0.013336929203383585 -0.0094571393534625802 0.043128317549212536 0.016201629447765153 0.2081500441106221 -0.00042496504979535525 0 0 0 -0.0078034310055374867 0 -3.4793501413332706e-05 0 0 0 0 0 -3.479349954516896e-05 0 0 0 0 0 -0.00042496505099631765 0 0 0 -0.0078034310055374867 0 -0.042496505075612513 0 0 0 -0.78034310056762646 0 -0.0034793500580665437 0 0 0 0 0 -0.0034793500559314994 0 0 0 0 0 -0.042496505092692871 0 0 0 -0.78034310055374867 0
