4
equilibrium
0 0 0.34771766403249466 0 0 0 0 0 0 0 0 0
-0.014600183648230658 -0.0021447005084615813 31.572223105192919 6.9392871294230023 0.30721273692578838 2.3805356869364358e-05 0.014600183648230658 0.0021447005084615813 31.549240894807085 -6.9334556062209529 0.39850337183596923 -2.3805356869364358e-05
0 0 0 0 0 0 1.253108781297642e-18 -2.4847093600342092e-16 -5.0578829966945978e-19 3.422416103291248e-15 1.6958942678520294e-17 1.4799731701453061e-16
2.5173087111070363e-22 -4.9918013213839432e-20 0.34771766403249466 6.8448322065824958e-19 3.3917885357040591e-21 2.9599463402906123e-20 2.5283998596187887e-20 -5.0141839226994683e-18 -1.0115765993389201e-20 6.8448322065824962e-17 3.3917885357040593e-19 2.9599463402906127e-18
0 0 0 0 0 0 1 0 0 0 0 0 0 0 0 0 0 0 0 1 0 0 0 0 0 0 0 0 0 0 0 0 1 0 0 0 0 0 0 0 0 0 0 0 0 1 0 0 0 0 0 0 0 0 0 0 0 0 1 0 0 0 0 0 0 0 0 0 0 0 0 1 0 0 0 -7.8515689371088659e-16 9.8099999999596292 -2.3493736295351644e-16 0 0 0 0 0 0 0 0 0 -9.8099999999982099 1.0723182335120206e-13 -3.5027392029992901e-17 0 0 0 0 0 0 0 0 0 6.8498471096346765e-17 5.9258742275068077e-12 7.3969871845189262e-17 0 0 0 0 0 0 0 0 0 -2.1443698923156286e-12 -1.3599684482274653e-12 4.7716540061677628e-16 0 0 0 0 0 0 0 0 0 -1.0775459258679579e-14 -5.3002112993068667e-10 -3.1917253233237569e-15 0 0 0 0 0 0 0 0 0 -9.3732894383600179e-14 6.9677617314184175e-13 -1.5008280781155051e-17 0 0 0 0 0 0
0 0 0 0 0 0 0 0 0 0 0 0 0 0 0 0 0 0 0 0 0 0 0 0 0 0 0 0 0 0 0 0 0 0 0 0 0 0 0 0 0 0 0 0 0 0 0 0 0 0 0 0 0 0 0 0 0 0 0 0 0 0 0 0 0 0 0 0 0 0 0 0 0.20641376774677719 -0.00013452351611027596 -0.0078018898679914116 0.0018104461925425462 0.69781055945545767 -0.00019748610313808358 0.20641376774677719 -0.00013452351611027596 -0.0078018898674698349 0.0018104461924104214 0.69781055945545767 -0.00019748610313808358 -0.0001345235162125272 0.18245603401882782 5.4761952343809125e-05 -0.35898181128301254 -0.0019317170522919376 0.072035677785350208 -0.0001345235162125272 0.18245603401882782 5.4761952335748618e-05 -0.35898181125681439 -0.0019317170522919376 0.072035677785350208 -0.0078018898726759057 5.4761952336777952e-05 0.15660822937060123 -0.0007307446209266021 -0.10675178023176179 0.00012127086000758317 -0.0078018898726759057 5.4761952336777952e-05 0.15660822936692168 -0.00073074462087327323 -0.10675178023176179 0.00012127086000758317 0.0018104461937479693 -0.35898181126501327 -0.00073074462098379495 4.9445828614205691 0.024501666300566893 0.21382116467439752 0.0018104461937479693 -0.35898181126501327 -0.00073074462087434398 4.9445828610597182 0.024501666300566893 0.21382116467439752 0.69781056002129604 -0.0019317170524592257 -0.10675178025422723 0.024501666303926112 9.5480118522762591 -0.012613708538868911 0.69781056002129604 -0.0019317170524592257 -0.10675178024709063 0.024501666302138007 9.5480118522762591 -0.012613708538868911 -0.00019748610381029556 0.072035677785288896 0.0001212708600229719 0.21382116468612228 -0.012613708537831218 7.8408263329279286 -0.00019748610381029556 0.072035677785288896 0.00012127086001748561 0.21382116467051784 -0.012613708537831218 7.8408263329279286
positive_dynamic
0 0 0.34771766403249466 0.080000000000000002 -0.059999999999999998 0.040000000000000001 0.17000000000000001 -0.089999999999999997 0.059999999999999998 0.31 -0.23999999999999999 0.17999999999999999
1.9853998163517694 -0.70214470050846156 33.372223105192916 7.0592871294230024 0.22721273692578836 0.050023805356869365 -1.0853998163517695 0.40214470050846163 30.649240894807086 -7.0034556062209532 0.45850337183596923 -0.040023805356869363
0.17000000000000001 -0.089999999999999997 0.059999999999999998 0.31060966853607186 -0.23899999999999999 0.18028066292785624 -0.41146947694290525 -0.87540084933426321 0.080384896624307797 0.34427947852073587 0.31012652880113883 0.058508290979862994
0.0033147793995407277 -0.0019792853434829013 0.34893323078292571 0.086282529383557599 -0.064718993046300313 0.043612918518372033 0.16133286787609907 -0.10814001740944232 0.061530591362586505 0.31687091243628707 -0.23380099439247881 0.18120602487244028
0 0 0 0 0 0 1.0000000000010001 0 0 0 0 0 0 0 0 0 0 0 0 1.0000000000010001 0 0 0 0 0 0 0 0 0 0 0 0 1.0000000000010001 0 0 0 0 0 0 0.0018003738777583322 -0.08849972923941074 -0.12086682141254634 0 0 0 0.99956658283772981 0.01959992262934307 0.030266718242799584 0 0 0 0.091650319097857924 0.0026671823777357773 -0.15429986463533218 0 0 0 -0.020400077349602697 0.99933320441003559 0.039799961326636435 0 0 0 0.11863301745129728 0.15600023207940072 0.0032672726191229629 0 0 0 -0.029733281753374641 -0.040200038686766248 0.99916650550535557 0 0 0 0.21791334023357756 9.9125428471014132 0.47310413894829928 0 0 0 0.0035835791001304074 0.0023117336656053311 0.00466333829884924 0 0 0 -9.8956492034507626 0.18344413882376287 -0.12511799785119848 0 0 0 0.00013801088050158228 0.018447966931844917 -0.01799209548014602 0 0 0 -0.85925223408667151 0.43821982797370707 0.0083184323526608317 0 0 0 -0.043363679237684583 0.034391603925820746 0.0047645375353400077 0 0 0 -0.0039295195153332685 0.055777032048620612 -0.30681886056815877 0 0 0 0.0038761014675703365 -0.021273079076067347 0.032859223758618938 0 0 0 -0.10000992761716176 -0.024520004443528975 0.38293904930375433 0 0 0 -0.13408538054870967 -0.0069581751471758935 -0.21288185136913995 0 0 0 0.34416726213751248 -0.31469270260833793 -0.018565143550947072 0 0 0 -0.20185077789780514 0.22290903266275475 0.0030820736240944058
0 0 0 0 0 0 0 0 0 0 0 0 0 0 0 0 0 0 0 0 0 0 0 0 0 0 0 0 0 0 0 0 0 0 0 0 0 0 0 0 0 0 0 0 0 0 0 0 0 0 0 0 0 0 0 0 0 0 0 0 0 0 0 0 0 0 0 0 0 0 0 0 0.20633804154088956 -0.0078589769136883092 -0.01691194880407949 0.017040586596812471 0.7023018492036126 -0.0032526196180882039 0.20633804152479313 -0.0078589769136883092 -0.016911948801527934 0.017040586597419465 0.70230184914810145 -0.0032526196180882039 0.0082439954394553164 0.18171742904860011 -0.012930421643224841 -0.35742011181638805 0.032912984337940543 0.071730574535688874 0.0082439954006389357 0.18171742899308896 -0.012930421638674881 -0.35742011185200295 0.032912984337940543 0.071730574535688874 0.0049173407815127912 0.014395761041563482 0.155350571881054 -0.028848476289174075 -0.063467307534481598 0.0057738830314124634 0.0049173401128415877 0.014395761041563482 0.15535057185942031 -0.028848476293068689 -0.063467307534481598 0.0057738830314124634 -0.027714362477485377 -0.36216625318163942 0.0037818623633838187 4.9182397501964674 -0.37890238702154022 -0.24320778790887232 -0.027714362354489867 -0.36216625304286154 0.0037818623605232922 4.9182397506708488 -0.37890238693827349 -0.24320778790887232 0.69510595685045429 -0.021232879704458085 -0.10636243526628469 0.19262039870409117 9.5117984047765614 -0.63999365182421108 0.69510595660583396 -0.021232879704458085 -0.10636243524235511 0.19262039876686798 9.5117984036940939 -0.63999365182421108 0.054795226949682925 0.049452817667272608 -0.0083199256307008862 0.51868548477002852 0.73987422581980877 7.8138143232153734 0.054795226919389886 0.049452817667272608 -0.008319925627568895 0.51868548481424448 0.73987422580593099 7.8138143232153734
negative_dynamic
0 0 0.34771766403249466 -0.070000000000000007 0.050000000000000003 -0.044999999999999998 -0.14000000000000001 0.080000000000000002 -0.050000000000000003 -0.27000000000000002 0.22 -0.16
-1.7146001836482305 0.49785529949153839 30.272223105192918 6.8392871294230027 0.37721273692578838 -0.039976194643130639 1.3146001836482306 -0.34785529949153837 32.649240894807086 -6.8534556062209528 0.34850337183596924 0.029976194643130633
-0.14000000000000001 0.080000000000000002 -0.050000000000000003 -0.27095435485078723 0.21950678880579899 -0.15906346044788772 0.43742235240195759 0.70507819803630178 -0.073376549050393439 -0.16406721020747303 -0.10139803116974933 -0.10097429383693898
-0.0027095115789490284 0.001744433583636668 0.34670259579302443 -0.075450947155101394 0.054369814944780222 -0.048202924939140981 -0.13080115226008385 0.094614629257825988 -0.051526892887363909 -0.27328931828056557 0.21796331246356537 -0.1620068762476736
0 0 0 0 0 0 1.0000000000010001 0 0 0 0 0 0 0 0 0 0 0 0 1.0000000000010001 0 0 0 0 0 0 0 0 0 0 0 0 1.0000000000010001 0 0 0 0 0 0 0.001516915149046838 0.080966811311089515 0.1089081683447457 0 0 0 0.99962285740606838 -0.022791712489533822 -0.024737458748091967 0 0 0 -0.07855806431755763 0.0021753113893518972 0.13598351515653473 0 0 0 0.022208287514535741 0.99942282599796428 -0.035187529459634881 0 0 0 -0.11085426944446031 -0.1344916092244075 0.0024920783631143806 0 0 0 0.025262541253345816 0.034812470545153573 0.99938323644410687 0 0 0 -0.20559479538273528 9.7510958673996395 -0.36923077370576429 0 0 0 0.0003598523423686828 -0.007537390461775928 -0.0022917891751017549 0 0 0 -9.740942535030328 -0.23257735171089422 0.18481766383970921 0 0 0 0.006030492549768951 -0.018131107226704302 0.018375081178856334 0 0 0 0.72093366471071008 -0.41426784613829426 0.0020703114292364155 0 0 0 0.034362351755690135 -0.032398843233250041 -0.0056903548609210652 0 0 0 0.0047955525939169519 -0.095700124658204544 0.10141755231451999 0 0 0 0.024725925876212251 -0.0082737483531047928 -0.01775760591349318 0 0 0 0.068492933734398687 -0.014517104449107698 -0.13034267146855294 0 0 0 0.16036608104647021 -0.0098486256303043085 0.17135526193118311 0 0 0 -0.068217487693422729 0.19044519688343753 -0.020019781159230643 0 0 0 0.14443156824694992 -0.21035610115599512 -0.014877300232030155
0 0 0 0 0 0 0 0 0 0 0 0 0 0 0 0 0 0 0 0 0 0 0 0 0 0 0 0 0 0 0 0 0 0 0 0 0 0 0 0 0 0 0 0 0 0 0 0 0 0 0 0 0 0 0 0 0 0 0 0 0 0 0 0 0 0 0 0 0 0 0 0 0.20553955407082303 0.0077471834503128889 0.00028269399576491354 -0.013732369633021862 0.69065237923160439 0.0029197576578710027 0.20553955407492791 0.0077471834503128889 0.00028269399632227494 -0.013732369631719258 0.69065237923160439 0.0029197576578710027 -0.010305538707418396 0.18183482108913296 0.011188066749501046 -0.35787457101764897 -0.041838305764319017 0.071804007684139748 -0.010305538684283716 0.18183482108913296 0.011188066746380775 -0.35787457103229492 -0.041838305764319017 0.071804007684139748 -0.017743129941504579 -0.012895907432197706 0.15640254868493192 0.024677235831040159 -0.13995748731482349 -0.00498518624297839 -0.017743130128514306 -0.012895907432197706 0.15640254867317785 0.024677235832394645 -0.13995748731482349 -0.00498518624297839 0.03192814591946061 -0.35454416966174129 -0.0053324664502909982 4.9454733020687511 0.43608675356909821 0.61655848550279391 0.031928145906996226 -0.35454416966174129 -0.0053324664477945307 4.9454733022529727 0.43608675356909821 0.61655848550279391 0.69529819910660218 0.019785112791159687 -0.10633999344955904 -0.19168258200903496 9.5129667368604185 0.51663127557943778 0.69529819925556058 0.019785112791159687 -0.10633999341570809 -0.19168258198308441 9.5129667368604185 0.51663127557943778 -0.049838752680342574 0.089262490794717042 0.0077370457124181649 -0.027768685861537783 -0.69179619471143594 7.8023960383213913 -0.049838752650770486 0.089262490794717042 0.0077370457103530807 -0.027768685865681608 -0.69179619471143594 7.8023960383213913
coupled_3d
0 0 0.34771766403249466 0.16 -0.12 0.10000000000000001 0.089999999999999997 0.070000000000000007 -0.040000000000000001 0.41999999999999998 -0.33000000000000002 0.28999999999999998
1.3853998163517693 0.79785529949153844 30.972223105192917 7.0892871294230027 0.3972127369257884 -0.079976194643130633 0.61460018364823066 -0.89785529949153842 32.749240894807087 -7.0434556062209532 0.43850337183596921 0.069976194643130638
0.089999999999999997 0.070000000000000007 -0.040000000000000001 0.42096071728248274 -0.32778298581644716 0.29112326936829103 -0.59670186958933158 -1.6209368963354482 -0.093503842998579972 -0.011097106491766668 2.4879427858030438 0.23334714437312287
0.0016771812726657576 0.0010702205002867816 0.34689793367620581 0.16844332097919235 -0.12605574948501175 0.10583059223764971 0.077552860018163805 0.036742384572358767 -0.042025113621411182 0.41959371844984816 -0.28028937765195683 0.29501428106766264
0 0 0 0 0 0 1.0000000000010001 0 0 0 0 0 0 0 0 0 0 0 0 1.0000000000010001 0 0 0 0 0 0 0 0 0 0 0 0 1.0000000000010001 0 0 0 0 0 0 0.0057217605653470116 -0.1409969059562588 -0.16813574485463612 0 0 0 0.9979649701619131 0.048398665075666258 0.061334445772276425 0 0 0 0.14960392880070117 0.0080232870069973927 -0.20739777392697611 0 0 0 -0.051601334927209308 0.99703085815194825 0.078999165653570458 0 0 0 0.16076272482679066 0.21305285208272906 0.0089071693631925797 0 0 0 -0.058665554220072025 -0.081000834345479333 0.99666388556074459 0 0 0 0.55579029678565206 9.7850843906455154 0.81424705322685753 0 0 0 0.0088463648628689384 -0.0014657824398689456 0.0072504617310009678 0 0 0 -9.7150415688807001 0.45682427873838805 -0.050088180270080329 0 0 0 0.0048538955077503942 0.027131853874706735 -0.022053158077461887 0 0 0 -1.5707296439487761 0.69786396648952032 0.0421069000638985 0 0 0 -0.060388066415451025 0.045644752456885929 0.0051085423183327983 0 0 0 -0.13879974289018882 0.054016667700405863 -2.4813302737852414 0 0 0 0.035708910479589906 -0.053401238700109821 0.059849580740130304 0 0 0 -0.3367861032277375 -0.051627040864588025 0.081159064135860604 0 0 0 -0.17195899149058391 -0.025009202708758949 -0.29575192783681814 0 0 0 2.5582121877948394 -0.041177984994034134 -0.16876134849297397 0 0 0 -0.30974108247705523 0.27799856761046016 -0.010699707439498773
0 0 0 0 0 0 0 0 0 0 0 0 0 0 0 0 0 0 0 0 0 0 0 0 0 0 0 0 0 0 0 0 0 0 0 0 0 0 0 0 0 0 0 0 0 0 0 0 0 0 0 0 0 0 0 0 0 0 0 0 0 0 0 0 0 0 0 0 0 0 0 0 0.20478691042548786 -0.019977197895926224 -0.025102173048204182 0.040901256055905541 0.701395983571107 -0.0080409059965980134 0.20478691048486652 -0.019977197895926224 -0.025102173042115681 0.040901256060282297 0.701395983571107 -0.0080409059965980134 0.01964886897320111 0.17920075545685421 -0.026430093642994441 -0.35233597001815331 0.078208559184389514 0.070721113409888403 0.019648868754273963 0.17920075545685421 -0.026430093636770454 -0.35233597001668504 0.078208559184389514 0.070721113409888403 0.018541152608635533 0.027896706639163327 0.1525068557703147 -0.055301030889236429 -0.01632012736063615 0.011093265417372322 0.018541153098960983 0.027896706639163327 0.15250685575520723 -0.055301030886135194 -0.01632012736063615 0.011093265417372322 -0.074061735917020574 -0.36240895527096806 0.010871662442479628 4.8581040457567157 -1.012539443800281 -0.65801735619434176 -0.074061735954970842 -0.36240895527096806 0.010871662437320307 4.8581040455736169 -1.012539443800281 -0.65801735619434176 0.68563594659902494 -0.045925679037495115 -0.10494495051398084 0.43194030500267327 9.3830365537339588 -1.2841830328014225 0.68563594690651541 -0.045925679037495115 -0.10494495047982309 0.4319403049855452 9.3830365537339588 -1.2841830328014225 0.10658846966943367 0.024726353520243549 -0.016274384758449691 0.84111363613665102 1.4486817083436687 7.7098847770934453 0.10658846968936153 0.024726353520243549 -0.016274384758967746 0.84111363611662915 1.4486817083436687 7.7098847770934453
